0	0	0	0	0
3.23E-07	3.23E-08	2.57E-08	2.57E-09	2.57E-10
1.27E-06	1.5886E-07	1.01E-07	1.27E-08	1.53E-09
2.22E-06	3.81E-07	1.77E-07	3.04E-08	4.57E-09
3.21E-06	7.01785E-07	2.53E-07	5.56E-08	1.01E-08
4.22E-06	1.12427E-06	3.29E-07	8.85E-08	1.90E-08
5.29E-06	1.65311E-06	4.05E-07	1.29E-07	3.19E-08
6.41E-06	2.29379E-06	4.81E-07	1.77E-07	4.96E-08
7.59E-06	3.05279E-06	5.58E-07	2.33E-07	7.29E-08
8.85E-06	3.93754E-06	6.35E-07	2.97E-07	1.03E-07
1.02E-05	4.95652E-06	7.13E-07	3.68E-07	1.39E-07
1.16E-05	6.11918E-06	7.90E-07	4.47E-07	1.84E-07
1.32E-05	7.43598E-06	8.68E-07	5.34E-07	2.37E-07
1.48E-05	8.9184E-06	9.46E-07	6.28E-07	3.00E-07
1.66E-05	1.05789E-05	1.02E-06	7.31E-07	3.73E-07
1.85E-05	1.24311E-05	1.10E-06	8.41E-07	4.57E-07
2.06E-05	1.44894E-05	1.18E-06	9.59E-07	5.53E-07
2.28E-05	1.67695E-05	1.26E-06	1.09E-06	6.62E-07
2.52E-05	1.92879E-05	1.34E-06	1.22E-06	7.84E-07
2.77E-05	2.20624E-05	1.42E-06	1.36E-06	9.20E-07
3.05E-05	2.51116E-05	1.50E-06	1.51E-06	1.07E-06
3.34E-05	2.84553E-05	1.58E-06	1.67E-06	1.24E-06
3.66E-05	3.21144E-05	1.66E-06	1.84E-06	1.42E-06
4.00E-05	3.61107E-05	1.74E-06	2.01E-06	1.62E-06
4.36E-05	4.04672E-05	1.82E-06	2.19E-06	1.84E-06
4.74E-05	4.5208E-05	1.90E-06	2.38E-06	2.08E-06
5.15E-05	5.03582E-05	1.99E-06	2.58E-06	2.34E-06
5.59E-05	5.5944E-05	2.07E-06	2.79E-06	2.62E-06
6.05E-05	6.19928E-05	2.15E-06	3.00E-06	2.92E-06
6.54E-05	6.8533E-05	2.23E-06	3.23E-06	3.24E-06
7.06E-05	7.55941E-05	2.32E-06	3.46E-06	3.59E-06
7.61E-05	8.32068E-05	2.40E-06	3.70E-06	3.96E-06
8.20E-05	9.14028E-05	2.48E-06	3.95E-06	4.35E-06
8.81E-05	0.000100215	2.57E-06	4.20E-06	4.77E-06
9.46E-05	0.000109678	2.65E-06	4.47E-06	5.22E-06
1.01E-04	0.000119826	2.73E-06	4.74E-06	5.69E-06
1.09E-04	0.000130695	2.82E-06	5.02E-06	6.19E-06
1.16E-04	0.000142324	2.90E-06	5.31E-06	6.72E-06
1.24E-04	0.000154751	2.99E-06	5.61E-06	7.29E-06
1.33E-04	0.000168016	3.07E-06	5.92E-06	7.88E-06
1.41E-04	0.000182159	3.16E-06	6.24E-06	8.50E-06
1.51E-04	0.000197223	3.25E-06	6.56E-06	9.16E-06
1.60E-04	0.000213251	3.33E-06	6.89E-06	9.85E-06
1.70E-04	0.000230288	3.42E-06	7.24E-06	1.06E-05
1.81E-04	0.000248379	3.51E-06	7.59E-06	1.13E-05
1.92E-04	0.000267572	3.60E-06	7.95E-06	1.21E-05
2.03E-04	0.000287914	3.68E-06	8.31E-06	1.30E-05
2.15E-04	0.000309454	3.77E-06	8.69E-06	1.38E-05
2.28E-04	0.000332244	3.86E-06	9.08E-06	1.47E-05
2.41E-04	0.000356336	3.95E-06	9.47E-06	1.57E-05
2.54E-04	0.000381781	4.04E-06	9.88E-06	1.67E-05
2.69E-04	0.000408635	4.13E-06	1.03E-05	1.77E-05
2.83E-04	0.000436953	4.22E-06	1.07E-05	1.88E-05
2.98E-04	0.000466792	4.31E-06	1.11E-05	1.99E-05
3.14E-04	0.00049821	4.40E-06	1.16E-05	2.10E-05
3.31E-04	0.000531267	4.49E-06	1.20E-05	2.22E-05
3.48E-04	0.000566022	4.58E-06	1.25E-05	2.35E-05
3.65E-04	0.000602538	4.67E-06	1.30E-05	2.48E-05
3.83E-04	0.000640878	4.77E-06	1.34E-05	2.61E-05
4.02E-04	0.000681107	4.86E-06	1.39E-05	2.75E-05
4.22E-04	0.00072329	4.95E-06	1.44E-05	2.90E-05
4.42E-04	0.000767495	5.04E-06	1.49E-05	3.05E-05
4.63E-04	0.000813791	5.14E-06	1.54E-05	3.20E-05
4.85E-04	0.000862245	5.23E-06	1.60E-05	3.36E-05
5.07E-04	0.000912932	5.33E-06	1.65E-05	3.52E-05
5.30E-04	0.000965922	5.42E-06	1.70E-05	3.69E-05
5.54E-04	0.001021289	5.52E-06	1.76E-05	3.87E-05
5.78E-04	0.001079109	5.61E-06	1.81E-05	4.05E-05
6.03E-04	0.001139458	5.71E-06	1.87E-05	4.24E-05
6.30E-04	0.001202414	5.80E-06	1.93E-05	4.43E-05
6.56E-04	0.001268057	5.90E-06	1.99E-05	4.63E-05
6.84E-04	0.001336468	6.00E-06	2.05E-05	4.84E-05
7.13E-04	0.001407728	6.09E-06	2.11E-05	5.05E-05
7.42E-04	0.001481921	6.19E-06	2.17E-05	5.26E-05
7.72E-04	0.001559133	6.29E-06	2.23E-05	5.49E-05
8.03E-04	0.001639449	6.39E-06	2.30E-05	5.72E-05
8.35E-04	0.001722958	6.49E-06	2.36E-05	5.95E-05
8.68E-04	0.001809749	6.59E-06	2.43E-05	6.20E-05
9.02E-04	0.001899912	6.69E-06	2.50E-05	6.45E-05
9.36E-04	0.00199354	6.79E-06	2.56E-05	6.70E-05
9.72E-04	0.002090727	6.89E-06	2.63E-05	6.96E-05
1.01E-03	0.002191567	6.99E-06	2.70E-05	7.24E-05
1.05E-03	0.002296158	7.09E-06	2.77E-05	7.51E-05
1.08E-03	0.002404597	7.19E-06	2.85E-05	7.80E-05
1.12E-03	0.002516985	7.30E-06	2.92E-05	8.09E-05
1.16E-03	0.002633422	7.40E-06	2.99E-05	8.39E-05
1.21E-03	0.002754011	7.50E-06	3.07E-05	8.69E-05
1.25E-03	0.002878857	7.61E-06	3.14E-05	9.01E-05
1.29E-03	0.003008065	7.71E-06	3.22E-05	9.33E-05
1.34E-03	0.003141743	7.82E-06	3.30E-05	9.66E-05
1.38E-03	0.003279999	7.92E-06	3.38E-05	1.00E-04
1.43E-03	0.003422945	8.03E-06	3.46E-05	1.03E-04
1.48E-03	0.003570692	8.13E-06	3.54E-05	1.07E-04
1.53E-03	0.003723354	8.24E-06	3.62E-05	1.11E-04
1.58E-03	0.003881045	8.35E-06	3.70E-05	1.14E-04
1.63E-03	0.004043884	8.45E-06	3.79E-05	1.18E-04
1.68E-03	0.004211988	8.56E-06	3.88E-05	1.22E-04
1.73E-03	0.004385478	8.67E-06	3.96E-05	1.26E-04
1.79E-03	0.004564475	8.78E-06	4.05E-05	1.30E-04
1.85E-03	0.004749102	8.89E-06	4.14E-05	1.34E-04
1.90E-03	0.004939486	9.00E-06	4.23E-05	1.38E-04
1.96E-03	0.005135751	9.11E-06	4.32E-05	1.43E-04
2.02E-03	0.005338028	9.22E-06	4.41E-05	1.47E-04
2.08E-03	0.005546446	9.33E-06	4.50E-05	1.52E-04
2.15E-03	0.005761136	9.44E-06	4.60E-05	1.56E-04
2.21E-03	0.005982232	9.55E-06	4.69E-05	1.61E-04
2.28E-03	0.006209869	9.67E-06	4.79E-05	1.66E-04
2.34E-03	0.006444185	9.78E-06	4.89E-05	1.71E-04
2.41E-03	0.006685317	9.89E-06	4.99E-05	1.76E-04
2.48E-03	0.006933408	1.00E-05	5.09E-05	1.81E-04
2.55E-03	0.007188597	1.01E-05	5.19E-05	1.86E-04
2.62E-03	0.00745103	1.02E-05	5.29E-05	1.91E-04
2.70E-03	0.007720851	1.04E-05	5.40E-05	1.97E-04
2.77E-03	0.00799821	1.05E-05	5.50E-05	2.02E-04
2.85E-03	0.008283254	1.06E-05	5.61E-05	2.08E-04
2.93E-03	0.008576136	1.07E-05	5.71E-05	2.13E-04
3.01E-03	0.008877007	1.08E-05	5.82E-05	2.19E-04
3.09E-03	0.009186023	1.09E-05	5.93E-05	2.25E-04
3.17E-03	0.009503341	1.11E-05	6.04E-05	2.31E-04
3.26E-03	0.009829117	1.12E-05	6.15E-05	2.37E-04
3.34E-03	0.010163515	1.13E-05	6.27E-05	2.44E-04
3.43E-03	0.010506695	1.14E-05	6.38E-05	2.50E-04
3.52E-03	0.01085882	1.15E-05	6.50E-05	2.56E-04
3.61E-03	0.011220059	1.17E-05	6.61E-05	2.63E-04
3.71E-03	0.011590577	1.18E-05	6.73E-05	2.70E-04
3.80E-03	0.011970545	1.19E-05	6.85E-05	2.77E-04
3.90E-03	0.012360137	1.20E-05	6.97E-05	2.84E-04
3.99E-03	0.012759524	1.22E-05	7.09E-05	2.91E-04
4.09E-03	0.013168884	1.23E-05	7.21E-05	2.98E-04
4.20E-03	0.013588389	1.24E-05	7.34E-05	3.05E-04
4.30E-03	0.014018226	1.25E-05	7.46E-05	3.13E-04
4.40E-03	0.014458573	1.27E-05	7.59E-05	3.20E-04
4.51E-03	0.014909613	1.28E-05	7.72E-05	3.28E-04
4.62E-03	0.015371531	1.29E-05	7.85E-05	3.36E-04
4.73E-03	0.015844516	1.30E-05	7.98E-05	3.44E-04
4.84E-03	0.01632876	1.32E-05	8.11E-05	3.52E-04
4.96E-03	0.01682445	1.33E-05	8.24E-05	3.60E-04
5.07E-03	0.017331785	1.34E-05	8.38E-05	3.69E-04
5.19E-03	0.017850959	1.36E-05	8.51E-05	3.77E-04
5.31E-03	0.018382167	1.37E-05	8.65E-05	3.86E-04
5.43E-03	0.018925612	1.38E-05	8.79E-05	3.94E-04
5.56E-03	0.019481497	1.40E-05	8.93E-05	4.03E-04
5.69E-03	0.020050025	1.41E-05	9.07E-05	4.12E-04
5.81E-03	0.020631403	1.42E-05	9.21E-05	4.22E-04
5.94E-03	0.021225838	1.44E-05	9.35E-05	4.31E-04
6.08E-03	0.021833542	1.45E-05	9.50E-05	4.41E-04
6.21E-03	0.022454731	1.46E-05	9.64E-05	4.50E-04
6.35E-03	0.023089617	1.48E-05	9.79E-05	4.60E-04
6.49E-03	0.02373842	1.49E-05	9.94E-05	4.70E-04
6.63E-03	0.024401355	1.50E-05	1.01E-04	4.80E-04
6.77E-03	0.025078649	1.52E-05	1.02E-04	4.90E-04
6.92E-03	0.02577052	1.53E-05	1.04E-04	5.01E-04
7.07E-03	0.026477199	1.54E-05	1.06E-04	5.11E-04
7.22E-03	0.027198916	1.56E-05	1.07E-04	5.22E-04
7.37E-03	0.027935899	1.57E-05	1.09E-04	5.33E-04
7.52E-03	0.028688383	1.59E-05	1.10E-04	5.44E-04
7.68E-03	0.029456602	1.60E-05	1.12E-04	5.55E-04
7.84E-03	0.030240794	1.62E-05	1.13E-04	5.66E-04
8.00E-03	0.031041199	1.63E-05	1.15E-04	5.78E-04
8.17E-03	0.031858065	1.64E-05	1.17E-04	5.90E-04
8.34E-03	0.03269163	1.66E-05	1.18E-04	6.01E-04
8.51E-03	0.033542147	1.67E-05	1.20E-04	6.13E-04
8.68E-03	0.03440986	1.69E-05	1.22E-04	6.26E-04
8.85E-03	0.035295026	1.70E-05	1.23E-04	6.38E-04
9.03E-03	0.036197901	1.72E-05	1.25E-04	6.50E-04
9.21E-03	0.037118733	1.73E-05	1.27E-04	6.63E-04
9.39E-03	0.038057789	1.75E-05	1.29E-04	6.76E-04
9.58E-03	0.03901533	1.76E-05	1.30E-04	6.89E-04
9.76E-03	0.03999162	1.78E-05	1.32E-04	7.02E-04
9.95E-03	0.040986926	1.79E-05	1.34E-04	7.16E-04
1.01E-02	0.042001524	1.81E-05	1.36E-04	7.29E-04
1.03E-02	0.043035678	1.82E-05	1.38E-04	7.43E-04
1.05E-02	0.044089662	1.84E-05	1.39E-04	7.57E-04
1.07E-02	0.045163762	1.85E-05	1.41E-04	7.71E-04
1.09E-02	0.046258247	1.87E-05	1.43E-04	7.85E-04
1.12E-02	0.047373408	1.88E-05	1.45E-04	8.00E-04
1.14E-02	0.04850953	1.90E-05	1.47E-04	8.15E-04
1.16E-02	0.049666891	1.92E-05	1.49E-04	8.29E-04
1.18E-02	0.050845789	1.93E-05	1.51E-04	8.44E-04
1.20E-02	0.052046516	1.95E-05	1.53E-04	8.60E-04
1.22E-02	0.053269369	1.96E-05	1.55E-04	8.75E-04
1.25E-02	0.054514644	1.98E-05	1.57E-04	8.91E-04
1.27E-02	0.05578265	1.99E-05	1.59E-04	9.07E-04
1.29E-02	0.057073683	2.01E-05	1.61E-04	9.23E-04
1.31E-02	0.058388047	2.03E-05	1.63E-04	9.39E-04
1.34E-02	0.059726061	2.04E-05	1.65E-04	9.56E-04
1.36E-02	0.061088027	2.06E-05	1.67E-04	9.72E-04
1.39E-02	0.062474268	2.08E-05	1.69E-04	9.89E-04
1.41E-02	0.063885102	2.09E-05	1.71E-04	1.01E-03
1.44E-02	0.065320839	2.11E-05	1.73E-04	1.02E-03
1.46E-02	0.06678181	2.13E-05	1.75E-04	1.04E-03
1.49E-02	0.068268343	2.14E-05	1.77E-04	1.06E-03
1.51E-02	0.069780764	2.16E-05	1.80E-04	1.08E-03
1.54E-02	0.071319406	2.18E-05	1.82E-04	1.09E-03
1.57E-02	0.072884613	2.19E-05	1.84E-04	1.11E-03
1.59E-02	0.074476712	2.21E-05	1.86E-04	1.13E-03
1.62E-02	0.076096042	2.23E-05	1.88E-04	1.15E-03
1.65E-02	0.077742958	2.25E-05	1.91E-04	1.17E-03
1.67E-02	0.079417795	2.26E-05	1.93E-04	1.19E-03
1.70E-02	0.081120912	2.28E-05	1.95E-04	1.21E-03
1.73E-02	0.082852663	2.30E-05	1.97E-04	1.23E-03
1.76E-02	0.084613402	2.31E-05	2.00E-04	1.25E-03
1.79E-02	0.086403475	2.33E-05	2.02E-04	1.27E-03
1.82E-02	0.088223255	2.35E-05	2.04E-04	1.29E-03
1.85E-02	0.09007312	2.37E-05	2.07E-04	1.31E-03
1.88E-02	0.091953423	2.39E-05	2.09E-04	1.33E-03
1.91E-02	0.093864536	2.40E-05	2.12E-04	1.35E-03
1.94E-02	0.095806832	2.42E-05	2.14E-04	1.37E-03
1.97E-02	0.0977807	2.44E-05	2.16E-04	1.39E-03
2.01E-02	0.099786508	2.46E-05	2.19E-04	1.42E-03
2.04E-02	0.101824653	2.48E-05	2.21E-04	1.44E-03
2.07E-02	0.103895506	2.50E-05	2.24E-04	1.46E-03
2.10E-02	0.105999471	2.51E-05	2.26E-04	1.48E-03
2.14E-02	0.108136941	2.53E-05	2.29E-04	1.51E-03
2.17E-02	0.110308313	2.55E-05	2.31E-04	1.53E-03
2.21E-02	0.112513986	2.57E-05	2.34E-04	1.55E-03
2.24E-02	0.114754362	2.59E-05	2.37E-04	1.58E-03
2.28E-02	0.117029847	2.61E-05	2.39E-04	1.60E-03
2.31E-02	0.119340867	2.63E-05	2.42E-04	1.63E-03
2.35E-02	0.121687818	2.65E-05	2.44E-04	1.65E-03
2.38E-02	0.124071133	2.67E-05	2.47E-04	1.67E-03
2.42E-02	0.126491215	2.68E-05	2.50E-04	1.70E-03
2.46E-02	0.128948504	2.70E-05	2.53E-04	1.72E-03
2.49E-02	0.131443426	2.72E-05	2.55E-04	1.75E-03
2.53E-02	0.133976394	2.74E-05	2.58E-04	1.78E-03
2.57E-02	0.136547858	2.76E-05	2.61E-04	1.80E-03
2.61E-02	0.139158256	2.78E-05	2.64E-04	1.83E-03
2.65E-02	0.141808027	2.80E-05	2.66E-04	1.85E-03
2.69E-02	0.144497642	2.82E-05	2.69E-04	1.88E-03
2.73E-02	0.14722753	2.84E-05	2.72E-04	1.91E-03
2.77E-02	0.149998143	2.86E-05	2.75E-04	1.94E-03
2.81E-02	0.152809954	2.89E-05	2.78E-04	1.96E-03
2.85E-02	0.155663404	2.91E-05	2.81E-04	1.99E-03
2.90E-02	0.158558975	2.93E-05	2.84E-04	2.02E-03
2.94E-02	0.161497133	2.95E-05	2.87E-04	2.05E-03
2.98E-02	0.164478348	2.97E-05	2.90E-04	2.08E-03
3.02E-02	0.167503076	2.99E-05	2.93E-04	2.11E-03
3.07E-02	0.170571833	3.01E-05	2.96E-04	2.14E-03
3.11E-02	0.173685083	3.03E-05	2.99E-04	2.17E-03
3.16E-02	0.176843311	3.06E-05	3.02E-04	2.20E-03
3.20E-02	0.180047005	3.08E-05	3.05E-04	2.23E-03
3.25E-02	0.18329666	3.10E-05	3.08E-04	2.26E-03
3.30E-02	0.186592796	3.12E-05	3.11E-04	2.29E-03
3.34E-02	0.189935913	3.14E-05	3.14E-04	2.32E-03
3.39E-02	0.193326496	3.17E-05	3.17E-04	2.35E-03
3.44E-02	0.196765077	3.19E-05	3.20E-04	2.38E-03
3.49E-02	0.20025217	3.21E-05	3.24E-04	2.42E-03
3.54E-02	0.203788292	3.23E-05	3.27E-04	2.45E-03
3.59E-02	0.207373966	3.26E-05	3.30E-04	2.48E-03
3.64E-02	0.211009718	3.28E-05	3.33E-04	2.52E-03
3.69E-02	0.214696078	3.30E-05	3.37E-04	2.55E-03
3.74E-02	0.21843358	3.33E-05	3.40E-04	2.58E-03
3.79E-02	0.222222789	3.35E-05	3.43E-04	2.62E-03
3.84E-02	0.226064222	3.37E-05	3.47E-04	2.65E-03
3.89E-02	0.229958452	3.40E-05	3.50E-04	2.69E-03
3.95E-02	0.233906032	3.42E-05	3.54E-04	2.72E-03
4.00E-02	0.23790749	3.44E-05	3.57E-04	2.76E-03
4.06E-02	0.241963413	3.47E-05	3.61E-04	2.79E-03
4.11E-02	0.246074367	3.49E-05	3.64E-04	2.83E-03
4.17E-02	0.25024092	3.52E-05	3.68E-04	2.87E-03
4.22E-02	0.254463646	3.54E-05	3.71E-04	2.91E-03
4.28E-02	0.258743151	3.56E-05	3.75E-04	2.94E-03
4.34E-02	0.26307999	3.59E-05	3.78E-04	2.98E-03
4.39E-02	0.267474748	3.61E-05	3.82E-04	3.02E-03
4.45E-02	0.271928049	3.64E-05	3.85E-04	3.06E-03
4.51E-02	0.276440487	3.66E-05	3.89E-04	3.10E-03
4.57E-02	0.281012633	3.69E-05	3.93E-04	3.14E-03
4.63E-02	0.285645123	3.71E-05	3.97E-04	3.17E-03
4.69E-02	0.290338568	3.74E-05	4.00E-04	3.21E-03
4.76E-02	0.295093582	3.76E-05	4.04E-04	3.26E-03
4.82E-02	0.299910784	3.79E-05	4.08E-04	3.30E-03
4.88E-02	0.304790799	3.81E-05	4.12E-04	3.34E-03
4.94E-02	0.309734289	3.84E-05	4.15E-04	3.38E-03
5.01E-02	0.314741854	3.87E-05	4.19E-04	3.42E-03
5.07E-02	0.319814168	3.89E-05	4.23E-04	3.46E-03
5.14E-02	0.324951839	3.92E-05	4.27E-04	3.51E-03
5.20E-02	0.330155549	3.94E-05	4.31E-04	3.55E-03
5.27E-02	0.335425954	3.97E-05	4.35E-04	3.59E-03
5.34E-02	0.340763711	4.00E-05	4.39E-04	3.64E-03
5.41E-02	0.346169484	4.02E-05	4.43E-04	3.68E-03
5.47E-02	0.35164394	4.05E-05	4.47E-04	3.73E-03
5.54E-02	0.357187754	4.08E-05	4.51E-04	3.77E-03
5.61E-02	0.362801604	4.10E-05	4.55E-04	3.82E-03
5.68E-02	0.36848621	4.13E-05	4.59E-04	3.86E-03
5.76E-02	0.374242224	4.16E-05	4.64E-04	3.91E-03
5.83E-02	0.380070378	4.19E-05	4.68E-04	3.96E-03
5.90E-02	0.385971333	4.21E-05	4.72E-04	4.00E-03
5.97E-02	0.391945831	4.24E-05	4.76E-04	4.05E-03
6.05E-02	0.397994582	4.27E-05	4.81E-04	4.10E-03
6.12E-02	0.404118301	4.30E-05	4.85E-04	4.15E-03
6.20E-02	0.41031771	4.33E-05	4.89E-04	4.20E-03
6.28E-02	0.416593532	4.35E-05	4.93E-04	4.24E-03
6.35E-02	0.422946542	4.38E-05	4.98E-04	4.29E-03
6.43E-02	0.429377433	4.41E-05	5.02E-04	4.34E-03
6.51E-02	0.435886991	4.44E-05	5.07E-04	4.40E-03
6.59E-02	0.44247592	4.47E-05	5.11E-04	4.45E-03
6.67E-02	0.449145015	4.50E-05	5.16E-04	4.50E-03
6.75E-02	0.455895036	4.53E-05	5.20E-04	4.55E-03
6.83E-02	0.462726748	4.56E-05	5.25E-04	4.60E-03
6.91E-02	0.469640919	4.59E-05	5.29E-04	4.66E-03
7.00E-02	0.476638326	4.62E-05	5.34E-04	4.71E-03
7.08E-02	0.48371975	4.64E-05	5.39E-04	4.76E-03
7.17E-02	0.490885976	4.67E-05	5.43E-04	4.82E-03
7.25E-02	0.498137846	4.70E-05	5.48E-04	4.87E-03
7.34E-02	0.505476109	4.73E-05	5.53E-04	4.93E-03
7.43E-02	0.512901619	4.77E-05	5.58E-04	4.98E-03
7.51E-02	0.520415135	4.80E-05	5.62E-04	5.04E-03
7.60E-02	0.528017525	4.83E-05	5.67E-04	5.10E-03
7.69E-02	0.53570961	4.86E-05	5.72E-04	5.15E-03
7.78E-02	0.543492218	4.89E-05	5.77E-04	5.21E-03
7.87E-02	0.551366182	4.92E-05	5.82E-04	5.27E-03
7.97E-02	0.559332343	4.95E-05	5.87E-04	5.33E-03
8.06E-02	0.5673916	4.98E-05	5.92E-04	5.39E-03
8.15E-02	0.575544752	5.01E-05	5.97E-04	5.45E-03
8.25E-02	0.583792711	5.04E-05	6.02E-04	5.51E-03
8.34E-02	0.592136288	5.08E-05	6.07E-04	5.57E-03
8.44E-02	0.600576407	5.11E-05	6.12E-04	5.63E-03
8.54E-02	0.609113946	5.14E-05	6.17E-04	5.69E-03
8.64E-02	0.61774979	5.17E-05	6.22E-04	5.75E-03
8.74E-02	0.626484827	5.21E-05	6.27E-04	5.82E-03
8.84E-02	0.635319954	5.24E-05	6.33E-04	5.88E-03
8.94E-02	0.644256073	5.27E-05	6.38E-04	5.94E-03
9.04E-02	0.653294152	5.30E-05	6.43E-04	6.01E-03
9.14E-02	0.662435047	5.34E-05	6.49E-04	6.07E-03
9.24E-02	0.671679741	5.37E-05	6.54E-04	6.14E-03
9.35E-02	0.681029163	5.40E-05	6.59E-04	6.20E-03
9.46E-02	0.690484187	5.44E-05	6.65E-04	6.27E-03
9.56E-02	0.700045815	5.47E-05	6.70E-04	6.34E-03
9.67E-02	0.709714997	5.50E-05	6.76E-04	6.40E-03
9.78E-02	0.719492752	5.54E-05	6.81E-04	6.47E-03
9.89E-02	0.729379978	5.57E-05	6.87E-04	6.54E-03
1.00E-01	0.739377645	5.61E-05	6.93E-04	6.61E-03
1.01E-01	0.749486794	5.64E-05	6.98E-04	6.68E-03
1.02E-01	0.759708342	5.68E-05	7.04E-04	6.75E-03
1.03E-01	0.770043345	5.71E-05	7.10E-04	6.82E-03
1.04E-01	0.7804928	5.75E-05	7.15E-04	6.89E-03
1.06E-01	0.791057642	5.78E-05	7.21E-04	6.96E-03
1.07E-01	0.80173895	5.82E-05	7.27E-04	7.04E-03
1.08E-01	0.812537814	5.85E-05	7.33E-04	7.11E-03
1.09E-01	0.823455188	5.89E-05	7.39E-04	7.18E-03
1.10E-01	0.834492103	5.92E-05	7.45E-04	7.26E-03
1.12E-01	0.8456496	5.96E-05	7.51E-04	7.33E-03
1.13E-01	0.856928797	6.00E-05	7.57E-04	7.41E-03
1.14E-01	0.868330749	6.03E-05	7.63E-04	7.49E-03
1.15E-01	0.879856444	6.07E-05	7.69E-04	7.56E-03
1.17E-01	0.891507024	6.11E-05	7.75E-04	7.64E-03
1.18E-01	0.903283568	6.14E-05	7.81E-04	7.72E-03
1.19E-01	0.915187157	6.18E-05	7.87E-04	7.80E-03
1.20E-01	0.927218961	6.22E-05	7.93E-04	7.88E-03
1.22E-01	0.939380002	6.26E-05	8.00E-04	7.96E-03
1.23E-01	0.951671387	6.29E-05	8.06E-04	8.04E-03
1.24E-01	0.964094309	6.33E-05	8.12E-04	8.12E-03
1.26E-01	0.976649809	6.37E-05	8.19E-04	8.20E-03
1.27E-01	0.989339099	6.41E-05	8.25E-04	8.28E-03
1.28E-01	1.002163317	6.45E-05	8.31E-04	8.37E-03
1.30E-01	1.015123608	6.48E-05	8.38E-04	8.45E-03
1.31E-01	1.028221125	6.52E-05	8.44E-04	8.53E-03
1.32E-01	1.041457031	6.56E-05	8.51E-04	8.62E-03
1.34E-01	1.054832579	6.60E-05	8.58E-04	8.70E-03
1.35E-01	1.068348862	6.64E-05	8.64E-04	8.79E-03
1.37E-01	1.082007153	6.68E-05	8.71E-04	8.88E-03
1.38E-01	1.095808557	6.72E-05	8.78E-04	8.97E-03
1.39E-01	1.109754364	6.76E-05	8.84E-04	9.05E-03
1.41E-01	1.123845786	6.80E-05	8.91E-04	9.14E-03
1.42E-01	1.13808404	6.84E-05	8.98E-04	9.23E-03
1.44E-01	1.152470353	6.88E-05	9.05E-04	9.32E-03
1.45E-01	1.167005961	6.92E-05	9.12E-04	9.42E-03
1.47E-01	1.181692201	6.96E-05	9.19E-04	9.51E-03
1.48E-01	1.19653023	7.00E-05	9.26E-04	9.60E-03
1.50E-01	1.211521406	7.05E-05	9.33E-04	9.69E-03
1.51E-01	1.226666901	7.09E-05	9.40E-04	9.79E-03
1.53E-01	1.241968089	7.13E-05	9.47E-04	9.88E-03
1.55E-01	1.257426258	7.17E-05	9.54E-04	9.98E-03
1.56E-01	1.273042702	7.21E-05	9.61E-04	1.01E-02
1.58E-01	1.288818727	7.26E-05	9.69E-04	1.02E-02
1.59E-01	1.304755745	7.30E-05	9.76E-04	1.03E-02
1.61E-01	1.32085498	7.34E-05	9.83E-04	1.04E-02
1.63E-01	1.337117759	7.38E-05	9.91E-04	1.05E-02
1.64E-01	1.353545526	7.43E-05	9.98E-04	1.06E-02
1.66E-01	1.370139633	7.47E-05	1.01E-03	1.07E-02
1.68E-01	1.386901435	7.51E-05	1.01E-03	1.08E-02
1.69E-01	1.403832302	7.56E-05	1.02E-03	1.09E-02
1.71E-01	1.42093361	7.60E-05	1.03E-03	1.10E-02
1.73E-01	1.438206745	7.65E-05	1.04E-03	1.11E-02
1.74E-01	1.4556531	7.69E-05	1.04E-03	1.12E-02
1.76E-01	1.473274192	7.73E-05	1.05E-03	1.13E-02
1.78E-01	1.491071322	7.78E-05	1.06E-03	1.14E-02
1.80E-01	1.509046027	7.82E-05	1.07E-03	1.15E-02
1.82E-01	1.527199741	7.87E-05	1.07E-03	1.16E-02
1.83E-01	1.545533906	7.91E-05	1.08E-03	1.17E-02
1.85E-01	1.564049974	7.96E-05	1.09E-03	1.18E-02
1.87E-01	1.582749408	8.01E-05	1.10E-03	1.19E-02
1.89E-01	1.601633678	8.05E-05	1.11E-03	1.20E-02
1.91E-01	1.620704266	8.10E-05	1.11E-03	1.22E-02
1.93E-01	1.639962783	8.15E-05	1.12E-03	1.23E-02
1.94E-01	1.659410733	8.19E-05	1.13E-03	1.24E-02
1.96E-01	1.679049503	8.24E-05	1.14E-03	1.25E-02
1.98E-01	1.698880737	8.29E-05	1.15E-03	1.26E-02
2.00E-01	1.718905969	8.33E-05	1.16E-03	1.27E-02
2.02E-01	1.739126739	8.38E-05	1.16E-03	1.28E-02
2.04E-01	1.759544727	8.43E-05	1.17E-03	1.30E-02
2.06E-01	1.780161368	8.48E-05	1.18E-03	1.31E-02
2.08E-01	1.800978235	8.53E-05	1.19E-03	1.32E-02
2.10E-01	1.82199704	8.57E-05	1.20E-03	1.33E-02
2.12E-01	1.843219378	8.62E-05	1.21E-03	1.34E-02
2.14E-01	1.864646854	8.67E-05	1.22E-03	1.36E-02
2.16E-01	1.886281083	8.72E-05	1.22E-03	1.37E-02
2.18E-01	1.90812369	8.77E-05	1.23E-03	1.38E-02
2.21E-01	1.930176311	8.82E-05	1.24E-03	1.39E-02
2.23E-01	1.952440593	8.87E-05	1.25E-03	1.41E-02
2.25E-01	1.974918333	8.92E-05	1.26E-03	1.42E-02
2.27E-01	1.997611059	8.97E-05	1.27E-03	1.43E-02
2.29E-01	2.020520592	9.02E-05	1.28E-03	1.44E-02
2.31E-01	2.043648623	9.07E-05	1.29E-03	1.46E-02
2.33E-01	2.066996856	9.12E-05	1.30E-03	1.47E-02
2.36E-01	2.090567003	9.18E-05	1.31E-03	1.48E-02
2.38E-01	2.114360787	9.23E-05	1.31E-03	1.50E-02
2.40E-01	2.138380094	9.28E-05	1.32E-03	1.51E-02
2.42E-01	2.162626521	9.33E-05	1.33E-03	1.52E-02
2.45E-01	2.187101978	9.38E-05	1.34E-03	1.54E-02
2.47E-01	2.211808081	9.44E-05	1.35E-03	1.55E-02
2.49E-01	2.236746766	9.49E-05	1.36E-03	1.56E-02
2.52E-01	2.261919826	9.54E-05	1.37E-03	1.58E-02
2.54E-01	2.287329065	9.60E-05	1.38E-03	1.59E-02
2.56E-01	2.312976459	9.65E-05	1.39E-03	1.60E-02
2.59E-01	2.338863678	9.70E-05	1.40E-03	1.62E-02
2.61E-01	2.364992561	9.76E-05	1.41E-03	1.63E-02
2.64E-01	2.391365122	9.81E-05	1.42E-03	1.65E-02
2.66E-01	2.417983228	9.87E-05	1.43E-03	1.66E-02
2.69E-01	2.444848755	9.92E-05	1.44E-03	1.67E-02
2.71E-01	2.471963593	9.98E-05	1.45E-03	1.69E-02
2.74E-01	2.499329641	1.00E-04	1.46E-03	1.70E-02
2.76E-01	2.526948813	1.01E-04	1.47E-03	1.72E-02
2.79E-01	2.554823033	1.01E-04	1.48E-03	1.73E-02
2.81E-01	2.582954413	1.02E-04	1.49E-03	1.75E-02
2.84E-01	2.611344905	1.03E-04	1.50E-03	1.76E-02
2.87E-01	2.639996295	1.03E-04	1.51E-03	1.78E-02
2.89E-01	2.668910737	1.04E-04	1.52E-03	1.79E-02
2.92E-01	2.698090218	1.04E-04	1.53E-03	1.81E-02
2.94E-01	2.727536741	1.05E-04	1.54E-03	1.82E-02
2.97E-01	2.757252502	1.05E-04	1.55E-03	1.84E-02
3.00E-01	2.787239346	1.06E-04	1.56E-03	1.86E-02
3.03E-01	2.817499498	1.07E-04	1.57E-03	1.87E-02
3.05E-01	2.848034827	1.07E-04	1.58E-03	1.89E-02
3.08E-01	2.878847585	1.08E-04	1.59E-03	1.90E-02
3.11E-01	2.909939854	1.08E-04	1.61E-03	1.92E-02
3.14E-01	2.941313727	1.09E-04	1.62E-03	1.94E-02
3.17E-01	2.972971504	1.10E-04	1.63E-03	1.95E-02
3.19E-01	3.004915114	1.10E-04	1.64E-03	1.97E-02
3.22E-01	3.037146689	1.11E-04	1.65E-03	1.98E-02
3.25E-01	3.069668575	1.11E-04	1.66E-03	2.00E-02
3.28E-01	3.102482933	1.12E-04	1.67E-03	2.02E-02
3.31E-01	3.13559194	1.13E-04	1.68E-03	2.03E-02
3.34E-01	3.168997786	1.13E-04	1.69E-03	2.05E-02
3.37E-01	3.202702675	1.14E-04	1.71E-03	2.07E-02
3.40E-01	3.236708822	1.14E-04	1.72E-03	2.09E-02
3.43E-01	3.271018668	1.15E-04	1.73E-03	2.10E-02
3.46E-01	3.305634249	1.16E-04	1.74E-03	2.12E-02
3.49E-01	3.340558036	1.16E-04	1.75E-03	2.14E-02
3.52E-01	3.375792304	1.17E-04	1.76E-03	2.16E-02
3.55E-01	3.411339344	1.18E-04	1.78E-03	2.17E-02
3.59E-01	3.447201458	1.18E-04	1.79E-03	2.19E-02
3.62E-01	3.483380964	1.19E-04	1.80E-03	2.21E-02
3.65E-01	3.519880195	1.19E-04	1.81E-03	2.23E-02
3.68E-01	3.55670172	1.20E-04	1.82E-03	2.25E-02
3.71E-01	3.593847903	1.21E-04	1.84E-03	2.26E-02
3.75E-01	3.631320897	1.21E-04	1.85E-03	2.28E-02
3.78E-01	3.669123319	1.22E-04	1.86E-03	2.30E-02
3.81E-01	3.707257579	1.23E-04	1.87E-03	2.32E-02
3.85E-01	3.74572633	1.23E-04	1.88E-03	2.34E-02
3.88E-01	3.78453178	1.24E-04	1.90E-03	2.36E-02
3.91E-01	3.823676383	1.25E-04	1.91E-03	2.38E-02
3.95E-01	3.863162843	1.25E-04	1.92E-03	2.40E-02
3.98E-01	3.902993646	1.26E-04	1.93E-03	2.42E-02
4.02E-01	3.943171294	1.27E-04	1.95E-03	2.43E-02
4.05E-01	3.983698304	1.27E-04	1.96E-03	2.45E-02
4.09E-01	4.024577231	1.28E-04	1.97E-03	2.47E-02
4.12E-01	4.065810647	1.29E-04	1.99E-03	2.49E-02
4.16E-01	4.107401368	1.30E-04	2.00E-03	2.51E-02
4.20E-01	4.149351726	1.30E-04	2.01E-03	2.53E-02
4.23E-01	4.191664572	1.31E-04	2.02E-03	2.55E-02
4.27E-01	4.234342521	1.32E-04	2.04E-03	2.57E-02
4.30E-01	4.277388209	1.32E-04	2.05E-03	2.59E-02
4.34E-01	4.320804286	1.33E-04	2.06E-03	2.62E-02
4.38E-01	4.364593418	1.34E-04	2.08E-03	2.64E-02
4.42E-01	4.408758552	1.35E-04	2.09E-03	2.66E-02
4.45E-01	4.453302128	1.35E-04	2.10E-03	2.68E-02
4.49E-01	4.49822713	1.36E-04	2.12E-03	2.70E-02
4.53E-01	4.543536299	1.37E-04	2.13E-03	2.72E-02
4.57E-01	4.589232389	1.38E-04	2.15E-03	2.74E-02
4.61E-01	4.635318175	1.38E-04	2.16E-03	2.76E-02
4.65E-01	4.681796721	1.39E-04	2.17E-03	2.79E-02
4.69E-01	4.728670564	1.40E-04	2.19E-03	2.81E-02
4.73E-01	4.775942809	1.41E-04	2.20E-03	2.83E-02
4.77E-01	4.823616019	1.42E-04	2.22E-03	2.85E-02
4.81E-01	4.871693343	1.42E-04	2.23E-03	2.87E-02
4.85E-01	4.920177662	1.43E-04	2.24E-03	2.90E-02
4.89E-01	4.969072168	1.44E-04	2.26E-03	2.92E-02
4.93E-01	5.018379492	1.45E-04	2.27E-03	2.94E-02
4.97E-01	5.068102571	1.46E-04	2.29E-03	2.96E-02
5.01E-01	5.118244658	1.46E-04	2.30E-03	2.99E-02
5.06E-01	5.16880873	1.47E-04	2.32E-03	3.01E-02
5.10E-01	5.219797785	1.48E-04	2.33E-03	3.03E-02
5.14E-01	5.271214837	1.49E-04	2.35E-03	3.06E-02
5.18E-01	5.323062922	1.50E-04	2.36E-03	3.08E-02
5.23E-01	5.375345091	1.50E-04	2.38E-03	3.10E-02
5.27E-01	5.428064727	1.51E-04	2.39E-03	3.13E-02
5.32E-01	5.481224925	1.52E-04	2.41E-03	3.15E-02
5.36E-01	5.534828484	1.53E-04	2.42E-03	3.18E-02
5.41E-01	5.588878851	1.54E-04	2.44E-03	3.20E-02
5.45E-01	5.643379498	1.54E-04	2.45E-03	3.23E-02
5.50E-01	5.69833328	1.55E-04	2.47E-03	3.25E-02
5.54E-01	5.753743388	1.56E-04	2.48E-03	3.28E-02
5.59E-01	5.809613361	1.57E-04	2.50E-03	3.30E-02
5.63E-01	5.865946435	1.58E-04	2.52E-03	3.33E-02
5.68E-01	5.922745534	1.59E-04	2.53E-03	3.35E-02
5.73E-01	5.980014262	1.60E-04	2.55E-03	3.38E-02
5.77E-01	6.037756252	1.60E-04	2.56E-03	3.40E-02
5.82E-01	6.095974486	1.61E-04	2.58E-03	3.43E-02
5.87E-01	6.154672299	1.62E-04	2.60E-03	3.45E-02
5.92E-01	6.213853393	1.63E-04	2.61E-03	3.48E-02
5.97E-01	6.273521149	1.64E-04	2.63E-03	3.51E-02
6.02E-01	6.333678969	1.65E-04	2.64E-03	3.53E-02
6.07E-01	6.394330277	1.66E-04	2.66E-03	3.56E-02
6.11E-01	6.455478516	1.67E-04	2.68E-03	3.59E-02
6.16E-01	6.517127509	1.67E-04	2.69E-03	3.61E-02
6.22E-01	6.579280385	1.68E-04	2.71E-03	3.64E-02
6.27E-01	6.641941017	1.69E-04	2.73E-03	3.67E-02
6.32E-01	6.705112935	1.70E-04	2.75E-03	3.69E-02
6.37E-01	6.768799695	1.71E-04	2.76E-03	3.72E-02
6.42E-01	6.833004873	1.72E-04	2.78E-03	3.75E-02
6.47E-01	6.897732065	1.73E-04	2.80E-03	3.78E-02
6.53E-01	6.962985268	1.74E-04	2.81E-03	3.81E-02
6.58E-01	7.028767749	1.75E-04	2.83E-03	3.83E-02
6.63E-01	7.095083552	1.76E-04	2.85E-03	3.86E-02
6.69E-01	7.161936368	1.76E-04	2.87E-03	3.89E-02
6.74E-01	7.229329908	1.77E-04	2.88E-03	3.92E-02
6.79E-01	7.297267906	1.78E-04	2.90E-03	3.95E-02
6.85E-01	7.365754515	1.79E-04	2.92E-03	3.98E-02
6.90E-01	7.43479312	1.80E-04	2.94E-03	4.01E-02
6.96E-01	7.504387924	1.81E-04	2.96E-03	4.04E-02
7.02E-01	7.574542756	1.82E-04	2.97E-03	4.07E-02
7.07E-01	7.645261468	1.83E-04	2.99E-03	4.10E-02
7.13E-01	7.716547936	1.84E-04	3.01E-03	4.13E-02
7.19E-01	7.78840647	1.85E-04	3.03E-03	4.16E-02
7.24E-01	7.860840582	1.86E-04	3.05E-03	4.19E-02
7.30E-01	7.933854635	1.87E-04	3.07E-03	4.22E-02
7.36E-01	8.007452602	1.88E-04	3.09E-03	4.25E-02
7.42E-01	8.081638481	1.89E-04	3.11E-03	4.28E-02
7.48E-01	8.156416292	1.90E-04	3.12E-03	4.31E-02
7.54E-01	8.231790511	1.91E-04	3.14E-03	4.34E-02
7.60E-01	8.307764776	1.92E-04	3.16E-03	4.38E-02
7.66E-01	8.384343617	1.93E-04	3.18E-03	4.41E-02
7.72E-01	8.461531157	1.94E-04	3.20E-03	4.44E-02
7.78E-01	8.539331542	1.95E-04	3.22E-03	4.47E-02
7.84E-01	8.61774894	1.96E-04	3.24E-03	4.50E-02
7.90E-01	8.696787547	1.97E-04	3.26E-03	4.54E-02
7.97E-01	8.776452036	1.98E-04	3.28E-03	4.57E-02
8.03E-01	8.856746199	1.99E-04	3.30E-03	4.60E-02
8.09E-01	8.937674767	2.00E-04	3.32E-03	4.64E-02
8.16E-01	9.019242035	2.01E-04	3.34E-03	4.67E-02
8.22E-01	9.101452329	2.02E-04	3.36E-03	4.70E-02
8.29E-01	9.184310469	2.03E-04	3.38E-03	4.74E-02
8.35E-01	9.267820361	2.04E-04	3.40E-03	4.77E-02
8.42E-01	9.351986881	2.05E-04	3.42E-03	4.80E-02
8.48E-01	9.436814463	2.06E-04	3.44E-03	4.84E-02
8.55E-01	9.52230756	2.07E-04	3.46E-03	4.87E-02
8.62E-01	9.608470657	2.08E-04	3.48E-03	4.91E-02
8.68E-01	9.69530826	2.09E-04	3.50E-03	4.94E-02
8.75E-01	9.782825398	2.10E-04	3.52E-03	4.98E-02
8.82E-01	9.87102614	2.11E-04	3.55E-03	5.01E-02
8.89E-01	9.959915573	2.12E-04	3.57E-03	5.05E-02
8.96E-01	10.04949831	2.13E-04	3.59E-03	5.09E-02
9.03E-01	10.13977901	2.14E-04	3.61E-03	5.12E-02
9.10E-01	10.23076284	2.15E-04	3.63E-03	5.16E-02
9.17E-01	10.32245399	2.16E-04	3.65E-03	5.19E-02
9.24E-01	10.41485771	2.17E-04	3.67E-03	5.23E-02
9.31E-01	10.50797876	2.18E-04	3.70E-03	5.27E-02
9.38E-01	10.60182192	2.19E-04	3.72E-03	5.31E-02
9.46E-01	10.696392	2.20E-04	3.74E-03	5.34E-02
9.53E-01	10.79169384	2.21E-04	3.76E-03	5.38E-02
9.60E-01	10.88773284	2.22E-04	3.78E-03	5.42E-02
9.68E-01	10.9845139	2.23E-04	3.81E-03	5.46E-02
9.75E-01	11.08204196	2.24E-04	3.83E-03	5.49E-02
9.83E-01	11.18032195	2.25E-04	3.85E-03	5.53E-02
9.90E-01	11.27935888	2.26E-04	3.87E-03	5.57E-02
9.98E-01	11.37915773	2.27E-04	3.90E-03	5.61E-02
1.01E+00	11.47972413	2.29E-04	3.92E-03	5.65E-02
1.01E+00	11.58106313	2.30E-04	3.94E-03	5.69E-02
1.02E+00	11.68317983	2.31E-04	3.97E-03	5.73E-02
1.03E+00	11.78607938	2.32E-04	3.99E-03	5.77E-02
1.04E+00	11.88976691	2.33E-04	4.01E-03	5.81E-02
1.04E+00	11.99424763	2.34E-04	4.04E-03	5.85E-02
1.05E+00	12.09952732	2.35E-04	4.06E-03	5.89E-02
1.06E+00	12.20561124	2.36E-04	4.08E-03	5.93E-02
1.07E+00	12.31250466	2.37E-04	4.11E-03	5.97E-02
1.08E+00	12.42021289	2.38E-04	4.13E-03	6.01E-02
1.09E+00	12.52874188	2.39E-04	4.15E-03	6.05E-02
1.09E+00	12.63809638	2.40E-04	4.18E-03	6.10E-02
1.10E+00	12.74828241	2.42E-04	4.20E-03	6.14E-02
1.11E+00	12.85930538	2.43E-04	4.23E-03	6.18E-02
1.12E+00	12.97117077	2.44E-04	4.25E-03	6.22E-02
1.13E+00	13.08388406	2.45E-04	4.28E-03	6.27E-02
1.14E+00	13.19745077	2.46E-04	4.30E-03	6.31E-02
1.14E+00	13.31187708	2.47E-04	4.32E-03	6.35E-02
1.15E+00	13.42716858	2.48E-04	4.35E-03	6.40E-02
1.16E+00	13.54333089	2.49E-04	4.37E-03	6.44E-02
1.17E+00	13.66036964	2.50E-04	4.40E-03	6.48E-02
1.18E+00	13.77829052	2.52E-04	4.42E-03	6.53E-02
1.19E+00	13.89709988	2.53E-04	4.45E-03	6.57E-02
1.20E+00	14.01680347	2.54E-04	4.48E-03	6.62E-02
1.21E+00	14.13740707	2.55E-04	4.50E-03	6.66E-02
1.22E+00	14.25891648	2.56E-04	4.53E-03	6.71E-02
1.22E+00	14.38133754	2.57E-04	4.55E-03	6.75E-02
1.23E+00	14.50467611	2.58E-04	4.58E-03	6.80E-02
1.24E+00	14.62893876	2.59E-04	4.60E-03	6.84E-02
1.25E+00	14.75413145	2.61E-04	4.63E-03	6.89E-02
1.26E+00	14.88026013	2.62E-04	4.66E-03	6.94E-02
1.27E+00	15.00733083	2.63E-04	4.68E-03	6.98E-02
1.28E+00	15.1353496	2.63E-04	4.71E-03	7.03E-02
1.29E+00	15.2643232	2.64E-04	4.74E-03	7.08E-02
1.30E+00	15.39425772	2.65E-04	4.76E-03	7.13E-02
1.31E+00	15.52515928	2.66E-04	4.79E-03	7.17E-02
1.32E+00	15.65703402	2.67E-04	4.81E-03	7.22E-02
1.33E+00	15.78988811	2.68E-04	4.84E-03	7.27E-02
1.34E+00	15.92372774	2.68E-04	4.87E-03	7.32E-02
1.35E+00	16.05855986	2.69E-04	4.90E-03	7.37E-02
1.36E+00	16.19439073	2.70E-04	4.92E-03	7.42E-02
1.37E+00	16.33122663	2.71E-04	4.95E-03	7.47E-02
1.38E+00	16.46907385	2.72E-04	4.98E-03	7.52E-02
1.39E+00	16.6079395	2.72E-04	5.00E-03	7.57E-02
1.40E+00	16.74782917	2.73E-04	5.03E-03	7.62E-02
1.41E+00	16.88875001	2.74E-04	5.06E-03	7.67E-02
1.42E+00	17.03070845	2.75E-04	5.09E-03	7.72E-02
1.43E+00	17.17371091	2.76E-04	5.11E-03	7.77E-02
1.44E+00	17.31776466	2.76E-04	5.14E-03	7.82E-02
1.45E+00	17.46287542	2.77E-04	5.17E-03	7.87E-02
1.46E+00	17.60905049	2.78E-04	5.20E-03	7.92E-02
1.47E+00	17.75629644	2.79E-04	5.22E-03	7.98E-02
1.48E+00	17.90461984	2.79E-04	5.25E-03	8.03E-02
1.49E+00	18.05402731	2.80E-04	5.28E-03	8.08E-02
1.50E+00	18.20452629	2.81E-04	5.31E-03	8.14E-02
1.52E+00	18.35612345	2.82E-04	5.34E-03	8.19E-02
1.53E+00	18.5088255	2.82E-04	5.36E-03	8.24E-02
1.54E+00	18.66263915	2.83E-04	5.39E-03	8.30E-02
1.55E+00	18.81757115	2.84E-04	5.42E-03	8.35E-02
1.56E+00	18.97362912	2.85E-04	5.45E-03	8.41E-02
1.57E+00	19.13081902	2.85E-04	5.48E-03	8.46E-02
1.58E+00	19.28914853	2.86E-04	5.51E-03	8.51E-02
1.59E+00	19.44862537	2.87E-04	5.54E-03	8.57E-02
1.61E+00	19.60925557	2.88E-04	5.56E-03	8.63E-02
1.62E+00	19.77104605	2.88E-04	5.59E-03	8.68E-02
1.63E+00	19.93400462	2.89E-04	5.62E-03	8.74E-02
1.64E+00	20.09813826	2.90E-04	5.65E-03	8.79E-02
1.65E+00	20.26345397	2.91E-04	5.68E-03	8.85E-02
1.67E+00	20.42995966	2.91E-04	5.71E-03	8.91E-02
1.68E+00	20.59766151	2.92E-04	5.74E-03	8.97E-02
1.69E+00	20.76656749	2.93E-04	5.77E-03	9.02E-02
1.70E+00	20.93668473	2.93E-04	5.80E-03	9.08E-02
1.71E+00	21.10802036	2.94E-04	5.83E-03	9.14E-02
1.73E+00	21.28058151	2.95E-04	5.86E-03	9.20E-02
1.74E+00	21.4543762	2.96E-04	5.89E-03	9.26E-02
1.75E+00	21.62941168	2.97E-04	5.92E-03	9.32E-02
1.76E+00	21.80569519	2.98E-04	5.95E-03	9.38E-02
1.78E+00	21.98323406	2.99E-04	5.98E-03	9.44E-02
1.79E+00	22.16203654	3.00E-04	6.01E-03	9.50E-02
1.80E+00	22.34210907	3.01E-04	6.04E-03	9.56E-02
1.81E+00	22.52346	3.02E-04	6.07E-03	9.62E-02
1.83E+00	22.70609678	3.04E-04	6.10E-03	9.68E-02
1.84E+00	22.89002785	3.05E-04	6.13E-03	9.74E-02
1.85E+00	23.07525976	3.06E-04	6.16E-03	9.80E-02
1.87E+00	23.26180104	3.07E-04	6.19E-03	9.86E-02
1.88E+00	23.44965928	3.08E-04	6.22E-03	9.92E-02
1.89E+00	23.63884211	3.09E-04	6.25E-03	9.99E-02
1.91E+00	23.82935717	3.10E-04	6.28E-03	1.00E-01
1.92E+00	24.02121318	3.11E-04	6.31E-03	1.01E-01
1.93E+00	24.21441686	3.12E-04	6.34E-03	1.02E-01
1.95E+00	24.40897699	3.13E-04	6.37E-03	1.02E-01
1.96E+00	24.60490241	3.15E-04	6.41E-03	1.03E-01
1.97E+00	24.80219995	3.16E-04	6.44E-03	1.04E-01
1.99E+00	25.00087851	3.17E-04	6.47E-03	1.04E-01
2.00E+00	25.20094604	3.18E-04	6.50E-03	1.05E-01
2.01E+00	25.40241048	3.19E-04	6.53E-03	1.06E-01
2.03E+00	25.60527985	3.20E-04	6.56E-03	1.06E-01
2.04E+00	25.80956218	3.21E-04	6.60E-03	1.07E-01
2.06E+00	26.01526661	3.22E-04	6.63E-03	1.08E-01
2.07E+00	26.22240125	3.24E-04	6.66E-03	1.08E-01
2.09E+00	26.43097426	3.25E-04	6.69E-03	1.09E-01
2.10E+00	26.64099358	3.26E-04	6.73E-03	1.10E-01
2.11E+00	26.8524685	3.27E-04	6.76E-03	1.10E-01
2.13E+00	27.06540726	3.28E-04	6.79E-03	1.11E-01
2.14E+00	27.27981818	3.28E-04	6.82E-03	1.12E-01
2.16E+00	27.49570959	3.29E-04	6.86E-03	1.12E-01
2.17E+00	27.71309098	3.30E-04	6.89E-03	1.13E-01
2.19E+00	27.93196964	3.31E-04	6.92E-03	1.14E-01
2.20E+00	28.15235513	3.32E-04	6.96E-03	1.14E-01
2.22E+00	28.37425593	3.33E-04	6.99E-03	1.15E-01
2.23E+00	28.5976817	3.34E-04	7.02E-03	1.16E-01
2.25E+00	28.82263984	3.35E-04	7.06E-03	1.17E-01
2.27E+00	29.04914009	3.36E-04	7.09E-03	1.17E-01
2.28E+00	29.27719108	3.37E-04	7.12E-03	1.18E-01
2.30E+00	29.50680147	3.38E-04	7.16E-03	1.19E-01
2.31E+00	29.73798113	3.39E-04	7.19E-03	1.19E-01
2.33E+00	29.97073761	3.40E-04	7.23E-03	1.20E-01
2.34E+00	30.20508087	3.41E-04	7.26E-03	1.21E-01
2.36E+00	30.44101971	3.42E-04	7.29E-03	1.22E-01
2.38E+00	30.6785642	3.43E-04	7.33E-03	1.22E-01
2.39E+00	30.917722	3.44E-04	7.36E-03	1.23E-01
2.41E+00	31.15850324	3.45E-04	7.40E-03	1.24E-01
2.42E+00	31.4009169	3.46E-04	7.43E-03	1.25E-01
2.44E+00	31.64497321	3.47E-04	7.47E-03	1.25E-01
2.46E+00	31.89067996	3.47E-04	7.50E-03	1.26E-01
2.47E+00	32.13804747	3.48E-04	7.54E-03	1.27E-01
2.49E+00	32.38708487	3.49E-04	7.57E-03	1.28E-01
2.51E+00	32.6378013	3.50E-04	7.61E-03	1.28E-01
2.52E+00	32.89020723	3.51E-04	7.64E-03	1.29E-01
2.54E+00	33.1443106	3.52E-04	7.68E-03	1.30E-01
2.56E+00	33.40012197	3.54E-04	7.71E-03	1.31E-01
2.58E+00	33.65765065	3.55E-04	7.75E-03	1.31E-01
2.59E+00	33.91690729	3.56E-04	7.78E-03	1.32E-01
2.61E+00	34.17789998	3.57E-04	7.82E-03	1.33E-01
2.63E+00	34.44063946	3.58E-04	7.85E-03	1.34E-01
2.64E+00	34.7051352	3.59E-04	7.89E-03	1.34E-01
2.66E+00	34.97139805	3.60E-04	7.93E-03	1.35E-01
2.68E+00	35.23943622	3.61E-04	7.96E-03	1.36E-01
2.70E+00	35.50926064	3.62E-04	8.00E-03	1.37E-01
2.72E+00	35.78088095	3.63E-04	8.03E-03	1.38E-01
2.73E+00	36.05430683	3.64E-04	8.07E-03	1.38E-01
2.75E+00	36.32954937	3.65E-04	8.11E-03	1.39E-01
2.77E+00	36.60661833	3.66E-04	8.14E-03	1.40E-01
2.79E+00	36.88552351	3.67E-04	8.18E-03	1.41E-01
2.81E+00	37.16627474	3.68E-04	8.22E-03	1.42E-01
2.83E+00	37.44888192	3.69E-04	8.25E-03	1.43E-01
2.84E+00	37.73335637	3.70E-04	8.29E-03	1.43E-01
2.86E+00	38.01970807	3.71E-04	8.33E-03	1.44E-01
2.88E+00	38.30794703	3.72E-04	8.37E-03	1.45E-01
2.90E+00	38.59808475	3.73E-04	8.40E-03	1.46E-01
2.92E+00	38.89013133	3.74E-04	8.44E-03	1.47E-01
2.94E+00	39.18409691	3.76E-04	8.48E-03	1.48E-01
2.96E+00	39.47999168	3.77E-04	8.52E-03	1.48E-01
2.98E+00	39.77782586	3.78E-04	8.55E-03	1.49E-01
3.00E+00	40.07761121	3.79E-04	8.59E-03	1.50E-01
3.02E+00	40.37935803	3.80E-04	8.63E-03	1.51E-01
3.04E+00	40.6830767	3.81E-04	8.67E-03	1.52E-01
3.06E+00	40.98877913	3.82E-04	8.71E-03	1.53E-01
3.08E+00	41.29647425	3.83E-04	8.74E-03	1.54E-01
3.10E+00	41.60617407	3.84E-04	8.78E-03	1.55E-01
3.12E+00	41.91788914	3.85E-04	8.82E-03	1.55E-01
3.14E+00	42.23163159	3.87E-04	8.86E-03	1.56E-01
3.16E+00	42.54741048	3.88E-04	8.90E-03	1.57E-01
3.18E+00	42.86523806	3.89E-04	8.94E-03	1.58E-01
3.20E+00	43.18512662	3.90E-04	8.98E-03	1.59E-01
3.22E+00	43.50708536	3.91E-04	9.02E-03	1.60E-01
3.24E+00	43.83112668	3.92E-04	9.05E-03	1.61E-01
3.26E+00	44.15726143	3.93E-04	9.09E-03	1.62E-01
3.28E+00	44.48550053	3.94E-04	9.13E-03	1.63E-01
3.30E+00	44.81585491	3.96E-04	9.17E-03	1.64E-01
3.32E+00	45.14833722	3.97E-04	9.21E-03	1.64E-01
3.35E+00	45.48295849	3.98E-04	9.25E-03	1.65E-01
3.37E+00	45.81972952	3.99E-04	9.29E-03	1.66E-01
3.39E+00	46.15866301	4.01E-04	9.33E-03	1.67E-01
3.41E+00	46.49977017	4.03E-04	9.37E-03	1.68E-01
3.43E+00	46.84306226	4.05E-04	9.41E-03	1.69E-01
3.45E+00	47.18855061	4.06E-04	9.45E-03	1.70E-01
3.48E+00	47.53624829	4.08E-04	9.49E-03	1.71E-01
3.50E+00	47.88616674	4.10E-04	9.54E-03	1.72E-01
3.52E+00	48.23831747	4.12E-04	9.58E-03	1.73E-01
3.54E+00	48.59271205	4.13E-04	9.62E-03	1.74E-01
3.57E+00	48.94936382	4.15E-04	9.66E-03	1.75E-01
3.59E+00	49.30828449	4.17E-04	9.70E-03	1.76E-01
3.61E+00	49.66948579	4.19E-04	9.74E-03	1.77E-01
3.63E+00	50.03297955	4.20E-04	9.79E-03	1.78E-01
3.66E+00	50.3987794	4.22E-04	9.83E-03	1.79E-01
3.68E+00	50.76689728	4.24E-04	9.87E-03	1.80E-01
3.70E+00	51.1373452	4.26E-04	9.91E-03	1.81E-01
3.73E+00	51.51013703	4.28E-04	9.96E-03	1.82E-01
3.75E+00	51.88528489	4.30E-04	1.00E-02	1.83E-01
3.78E+00	52.262801	4.31E-04	1.00E-02	1.84E-01
3.80E+00	52.64269761	4.33E-04	1.01E-02	1.85E-01
3.82E+00	53.02498889	4.35E-04	1.01E-02	1.86E-01
3.85E+00	53.40968723	4.37E-04	1.02E-02	1.87E-01
3.87E+00	53.79680509	4.39E-04	1.02E-02	1.88E-01
3.90E+00	54.186355	4.41E-04	1.03E-02	1.89E-01
3.92E+00	54.57835143	4.43E-04	1.03E-02	1.90E-01
3.94E+00	54.97280704	4.45E-04	1.03E-02	1.91E-01
3.97E+00	55.36973455	4.46E-04	1.04E-02	1.92E-01
3.99E+00	55.76914869	4.48E-04	1.04E-02	1.93E-01
4.02E+00	56.17106039	4.50E-04	1.05E-02	1.94E-01
4.04E+00	56.5754845	4.52E-04	1.05E-02	1.95E-01
4.07E+00	56.98243599	4.54E-04	1.06E-02	1.96E-01
4.09E+00	57.39192596	4.56E-04	1.06E-02	1.97E-01
4.12E+00	57.80396954	4.58E-04	1.07E-02	1.98E-01
4.15E+00	58.21857992	4.60E-04	1.07E-02	1.99E-01
4.17E+00	58.63577239	4.62E-04	1.08E-02	2.00E-01
4.20E+00	59.0555603	4.64E-04	1.08E-02	2.01E-01
4.22E+00	59.4779571	4.66E-04	1.09E-02	2.03E-01
4.25E+00	59.90297629	4.68E-04	1.09E-02	2.04E-01
4.28E+00	60.33063346	4.70E-04	1.09E-02	2.05E-01
4.30E+00	60.76094022	4.72E-04	1.10E-02	2.06E-01
4.33E+00	61.1939144	4.74E-04	1.10E-02	2.07E-01
4.36E+00	61.62956773	4.76E-04	1.11E-02	2.08E-01
4.38E+00	62.06791616	4.79E-04	1.11E-02	2.09E-01
4.41E+00	62.50897363	4.81E-04	1.12E-02	2.10E-01
4.44E+00	62.95275416	4.83E-04	1.12E-02	2.11E-01
4.47E+00	63.39927396	4.85E-04	1.13E-02	2.13E-01
4.49E+00	63.8485472	4.87E-04	1.13E-02	2.14E-01
4.52E+00	64.30058815	4.89E-04	1.14E-02	2.15E-01
4.55E+00	64.75541111	4.91E-04	1.14E-02	2.16E-01
4.58E+00	65.21303264	4.93E-04	1.15E-02	2.17E-01
4.60E+00	65.67346723	4.96E-04	1.15E-02	2.18E-01
4.63E+00	66.13672944	4.98E-04	1.16E-02	2.19E-01
4.66E+00	66.60283609	5.00E-04	1.16E-02	2.21E-01
4.69E+00	67.07180191	5.02E-04	1.17E-02	2.22E-01
4.72E+00	67.54364171	5.04E-04	1.17E-02	2.23E-01
4.75E+00	68.01837257	5.07E-04	1.18E-02	2.24E-01
4.78E+00	68.49600725	5.09E-04	1.18E-02	2.25E-01
4.81E+00	68.97656525	5.11E-04	1.19E-02	2.26E-01
4.83E+00	69.46005948	5.13E-04	1.19E-02	2.28E-01
4.86E+00	69.94650739	5.15E-04	1.20E-02	2.29E-01
4.89E+00	70.43592428	5.18E-04	1.20E-02	2.30E-01
4.92E+00	70.92832554	5.20E-04	1.21E-02	2.31E-01
4.95E+00	71.42372891	5.22E-04	1.21E-02	2.32E-01
4.98E+00	71.92214763	5.25E-04	1.22E-02	2.34E-01
5.01E+00	72.42360197	5.27E-04	1.22E-02	2.35E-01
5.05E+00	72.92810532	5.29E-04	1.23E-02	2.36E-01
5.08E+00	73.43567582	5.32E-04	1.23E-02	2.37E-01
5.11E+00	73.94632936	5.34E-04	1.24E-02	2.39E-01
5.14E+00	74.4600819	5.36E-04	1.25E-02	2.40E-01
5.17E+00	74.97695191	5.39E-04	1.25E-02	2.41E-01
5.20E+00	75.49695552	5.41E-04	1.26E-02	2.42E-01
5.23E+00	76.02011141	5.43E-04	1.26E-02	2.44E-01
5.26E+00	76.54643346	5.46E-04	1.27E-02	2.45E-01
5.30E+00	77.07594053	5.48E-04	1.27E-02	2.46E-01
5.33E+00	77.60864912	5.51E-04	1.28E-02	2.47E-01
5.36E+00	78.1445783	5.53E-04	1.28E-02	2.49E-01
5.39E+00	78.68374484	5.56E-04	1.29E-02	2.50E-01
5.42E+00	79.22616564	5.58E-04	1.29E-02	2.51E-01
5.46E+00	79.77186008	5.61E-04	1.30E-02	2.53E-01
5.49E+00	80.32084262	5.64E-04	1.31E-02	2.54E-01
5.52E+00	80.87313538	5.66E-04	1.31E-02	2.55E-01
5.56E+00	81.42875299	5.69E-04	1.32E-02	2.57E-01
5.59E+00	81.98771527	5.72E-04	1.32E-02	2.58E-01
5.62E+00	82.55003959	5.74E-04	1.33E-02	2.59E-01
5.66E+00	83.11574341	5.77E-04	1.33E-02	2.61E-01
5.69E+00	83.68484688	5.80E-04	1.34E-02	2.62E-01
5.73E+00	84.25736766	5.82E-04	1.35E-02	2.63E-01
5.76E+00	84.83332352	5.85E-04	1.35E-02	2.65E-01
5.79E+00	85.41273496	5.88E-04	1.36E-02	2.66E-01
5.83E+00	85.99561994	5.91E-04	1.36E-02	2.67E-01
5.86E+00	86.58199653	5.93E-04	1.37E-02	2.69E-01
5.90E+00	87.17188558	5.96E-04	1.38E-02	2.70E-01
5.93E+00	87.76530538	5.99E-04	1.38E-02	2.71E-01
5.97E+00	88.36227429	6.02E-04	1.39E-02	2.73E-01
6.01E+00	88.96281353	6.05E-04	1.39E-02	2.74E-01
6.04E+00	89.56694169	6.08E-04	1.40E-02	2.76E-01
6.08E+00	90.17467746	6.10E-04	1.41E-02	2.77E-01
6.11E+00	90.78604241	6.13E-04	1.41E-02	2.78E-01
6.15E+00	91.40105546	6.16E-04	1.42E-02	2.80E-01
6.19E+00	92.01973563	6.19E-04	1.42E-02	2.81E-01
6.22E+00	92.64210484	6.22E-04	1.43E-02	2.83E-01
6.26E+00	93.26818235	6.25E-04	1.44E-02	2.84E-01
6.30E+00	93.89798749	6.28E-04	1.44E-02	2.86E-01
6.34E+00	94.53154257	6.31E-04	1.45E-02	2.87E-01
6.37E+00	95.16886431	6.34E-04	1.46E-02	2.89E-01
6.41E+00	95.8099781	6.37E-04	1.46E-02	2.90E-01
6.45E+00	96.45490088	6.40E-04	1.47E-02	2.91E-01
6.49E+00	97.10365544	6.43E-04	1.48E-02	2.93E-01
6.53E+00	97.75626472	6.46E-04	1.48E-02	2.94E-01
6.56E+00	98.41274594	6.49E-04	1.49E-02	2.96E-01
6.60E+00	99.07312229	6.52E-04	1.49E-02	2.97E-01
6.64E+00	99.73741709	6.55E-04	1.50E-02	2.99E-01
6.68E+00	100.4056479	6.58E-04	1.51E-02	3.00E-01
6.72E+00	101.0778382	6.61E-04	1.51E-02	3.02E-01
6.76E+00	101.7540088	6.64E-04	1.52E-02	3.03E-01
6.80E+00	102.4341835	6.67E-04	1.53E-02	3.05E-01
6.84E+00	103.1183833	6.70E-04	1.53E-02	3.06E-01
6.88E+00	103.8066323	6.73E-04	1.54E-02	3.08E-01
6.92E+00	104.4989486	6.76E-04	1.55E-02	3.10E-01
6.96E+00	105.1953567	6.79E-04	1.55E-02	3.11E-01
7.01E+00	105.8958811	6.83E-04	1.56E-02	3.13E-01
7.05E+00	106.6005433	6.86E-04	1.57E-02	3.14E-01
7.09E+00	107.3093651	6.89E-04	1.58E-02	3.16E-01
7.13E+00	108.0223682	6.92E-04	1.58E-02	3.17E-01
7.17E+00	108.7395777	6.95E-04	1.59E-02	3.19E-01
7.21E+00	109.4610158	6.99E-04	1.60E-02	3.21E-01
7.26E+00	110.1867077	7.02E-04	1.60E-02	3.22E-01
7.30E+00	110.9166758	7.05E-04	1.61E-02	3.24E-01
7.34E+00	111.6509426	7.08E-04	1.62E-02	3.25E-01
7.39E+00	112.3895305	7.12E-04	1.62E-02	3.27E-01
7.43E+00	113.1324656	7.15E-04	1.63E-02	3.29E-01
7.47E+00	113.879774	7.18E-04	1.64E-02	3.30E-01
7.52E+00	114.6314753	7.22E-04	1.65E-02	3.32E-01
7.56E+00	115.3875959	7.25E-04	1.65E-02	3.34E-01
7.61E+00	116.1481623	7.28E-04	1.66E-02	3.35E-01
7.65E+00	116.9131981	7.32E-04	1.67E-02	3.37E-01
7.70E+00	117.6827265	7.35E-04	1.68E-02	3.39E-01
7.74E+00	118.4567713	7.39E-04	1.68E-02	3.40E-01
7.79E+00	119.2353596	7.42E-04	1.69E-02	3.42E-01
7.83E+00	120.0185153	7.45E-04	1.70E-02	3.44E-01
7.88E+00	120.8062658	7.49E-04	1.70E-02	3.45E-01
7.92E+00	121.5986353	7.52E-04	1.71E-02	3.47E-01
7.97E+00	122.3956482	7.56E-04	1.72E-02	3.49E-01
8.02E+00	123.1973323	7.59E-04	1.73E-02	3.51E-01
8.06E+00	124.0037123	7.63E-04	1.74E-02	3.52E-01
8.11E+00	124.8148128	7.66E-04	1.74E-02	3.54E-01
8.16E+00	125.6306623	7.70E-04	1.75E-02	3.56E-01
8.21E+00	126.4512858	7.73E-04	1.76E-02	3.58E-01
8.25E+00	127.2767119	7.77E-04	1.77E-02	3.59E-01
8.30E+00	128.1069661	7.81E-04	1.77E-02	3.61E-01
8.35E+00	128.9420737	7.84E-04	1.78E-02	3.63E-01
8.40E+00	129.7820639	7.88E-04	1.79E-02	3.65E-01
8.45E+00	130.6269626	7.91E-04	1.80E-02	3.66E-01
8.50E+00	131.4767992	7.95E-04	1.81E-02	3.68E-01
8.55E+00	132.3315961	7.99E-04	1.81E-02	3.70E-01
8.60E+00	133.1913869	8.02E-04	1.82E-02	3.72E-01
8.65E+00	134.0561941	8.06E-04	1.83E-02	3.74E-01
8.70E+00	134.926048	8.10E-04	1.84E-02	3.76E-01
8.75E+00	135.8009791	8.14E-04	1.85E-02	3.77E-01
8.80E+00	136.6810102	8.17E-04	1.85E-02	3.79E-01
8.85E+00	137.5661759	8.21E-04	1.86E-02	3.81E-01
8.90E+00	138.4564995	8.25E-04	1.87E-02	3.83E-01
8.96E+00	139.3520121	8.29E-04	1.88E-02	3.85E-01
9.01E+00	140.2527411	8.32E-04	1.89E-02	3.87E-01
9.06E+00	141.1587179	8.36E-04	1.90E-02	3.89E-01
9.11E+00	142.0699701	8.40E-04	1.90E-02	3.91E-01
9.17E+00	142.9865297	8.44E-04	1.91E-02	3.92E-01
9.22E+00	143.9084247	8.48E-04	1.92E-02	3.94E-01
9.27E+00	144.8356831	8.52E-04	1.93E-02	3.96E-01
9.33E+00	145.7683375	8.56E-04	1.94E-02	3.98E-01
9.38E+00	146.7064162	8.59E-04	1.95E-02	4.00E-01
9.44E+00	147.6499481	8.63E-04	1.95E-02	4.02E-01
9.49E+00	148.5989658	8.67E-04	1.96E-02	4.04E-01
9.55E+00	149.5535025	8.71E-04	1.97E-02	4.06E-01
9.60E+00	150.5135834	8.75E-04	1.98E-02	4.08E-01
9.66E+00	151.4792459	8.79E-04	1.99E-02	4.10E-01
9.71E+00	152.4505155	8.83E-04	2.00E-02	4.12E-01
9.77E+00	153.4274259	8.87E-04	2.01E-02	4.14E-01
9.83E+00	154.410007	8.91E-04	2.02E-02	4.16E-01
9.88E+00	155.398293	8.95E-04	2.03E-02	4.18E-01
9.94E+00	156.3923141	8.99E-04	2.03E-02	4.20E-01
1.00E+01	157.3921048	9.03E-04	2.04E-02	4.22E-01
1.01E+01	158.3976958	9.08E-04	2.05E-02	4.24E-01
1.01E+01	159.4091177	9.12E-04	2.06E-02	4.26E-01
1.02E+01	160.4264056	9.16E-04	2.07E-02	4.28E-01
1.02E+01	161.4495908	9.20E-04	2.08E-02	4.30E-01
1.03E+01	162.4787086	9.24E-04	2.09E-02	4.33E-01
1.04E+01	163.5137906	9.28E-04	2.10E-02	4.35E-01
1.04E+01	164.5548726	9.32E-04	2.11E-02	4.37E-01
1.05E+01	165.6019866	9.37E-04	2.12E-02	4.39E-01
1.05E+01	166.6551644	9.41E-04	2.13E-02	4.41E-01
1.06E+01	167.7144427	9.45E-04	2.14E-02	4.43E-01
1.07E+01	168.7798538	9.49E-04	2.15E-02	4.45E-01
1.07E+01	169.8514301	9.54E-04	2.16E-02	4.47E-01
1.08E+01	170.9292134	9.58E-04	2.16E-02	4.50E-01
1.08E+01	172.0132311	9.62E-04	2.17E-02	4.52E-01
1.09E+01	173.1035207	9.65E-04	2.18E-02	4.54E-01
1.10E+01	174.2001154	9.68E-04	2.19E-02	4.56E-01
1.10E+01	175.3030531	9.72E-04	2.20E-02	4.58E-01
1.11E+01	176.4123676	9.76E-04	2.21E-02	4.61E-01
1.12E+01	177.5280971	9.79E-04	2.22E-02	4.63E-01
1.12E+01	178.6502755	9.83E-04	2.23E-02	4.65E-01
1.13E+01	179.7789369	9.86E-04	2.24E-02	4.67E-01
1.14E+01	180.9141204	9.90E-04	2.25E-02	4.70E-01
1.14E+01	182.0558649	9.94E-04	2.26E-02	4.72E-01
1.15E+01	183.2042052	9.97E-04	2.27E-02	4.74E-01
1.15E+01	184.3591761	1.00E-03	2.28E-02	4.76E-01
1.16E+01	185.5208172	1.00E-03	2.29E-02	4.79E-01
1.17E+01	186.6891639	1.01E-03	2.30E-02	4.81E-01
1.18E+01	187.8642514	1.01E-03	2.31E-02	4.83E-01
1.18E+01	189.04612	1.02E-03	2.32E-02	4.86E-01
1.19E+01	190.2348103	1.02E-03	2.33E-02	4.88E-01
1.20E+01	191.4303583	1.02E-03	2.34E-02	4.90E-01
1.20E+01	192.6327999	1.03E-03	2.35E-02	4.93E-01
1.21E+01	193.8421765	1.03E-03	2.36E-02	4.95E-01
1.22E+01	195.0585244	1.03E-03	2.37E-02	4.97E-01
1.22E+01	196.2818852	1.04E-03	2.38E-02	5.00E-01
1.23E+01	197.5122959	1.04E-03	2.40E-02	5.02E-01
1.24E+01	198.7497984	1.05E-03	2.41E-02	5.05E-01
1.24E+01	199.9944299	1.05E-03	2.42E-02	5.07E-01
1.25E+01	201.246233	1.05E-03	2.43E-02	5.09E-01
1.26E+01	202.5052452	1.06E-03	2.44E-02	5.12E-01
1.27E+01	203.7715044	1.06E-03	2.45E-02	5.14E-01
1.27E+01	205.0450537	1.07E-03	2.46E-02	5.17E-01
1.28E+01	206.3259364	1.07E-03	2.47E-02	5.19E-01
1.29E+01	207.6141909	1.07E-03	2.48E-02	5.22E-01
1.30E+01	208.9098559	1.08E-03	2.49E-02	5.24E-01
1.30E+01	210.2129754	1.08E-03	2.50E-02	5.27E-01
1.31E+01	211.5235884	1.09E-03	2.51E-02	5.29E-01
1.32E+01	212.8417393	1.09E-03	2.52E-02	5.32E-01
1.33E+01	214.1674677	1.09E-03	2.53E-02	5.34E-01
1.33E+01	215.5008183	1.10E-03	2.55E-02	5.37E-01
1.34E+01	216.8418311	1.10E-03	2.56E-02	5.39E-01
1.35E+01	218.1905514	1.11E-03	2.57E-02	5.42E-01
1.36E+01	219.5470196	1.11E-03	2.58E-02	5.44E-01
1.36E+01	220.9112815	1.12E-03	2.59E-02	5.47E-01
1.37E+01	222.2833777	1.12E-03	2.60E-02	5.50E-01
1.38E+01	223.6633492	1.12E-03	2.61E-02	5.52E-01
1.39E+01	225.051248	1.13E-03	2.62E-02	5.55E-01
1.40E+01	226.4471099	1.13E-03	2.63E-02	5.58E-01
1.40E+01	227.8509821	1.14E-03	2.65E-02	5.60E-01
1.41E+01	229.2629118	1.14E-03	2.66E-02	5.63E-01
1.42E+01	230.682941	1.14E-03	2.67E-02	5.65E-01
1.43E+01	232.1111118	1.15E-03	2.68E-02	5.68E-01
1.44E+01	233.5474781	1.15E-03	2.69E-02	5.71E-01
1.44E+01	234.9920768	1.16E-03	2.70E-02	5.74E-01
1.45E+01	236.4449563	1.16E-03	2.71E-02	5.76E-01
1.46E+01	237.9061656	1.17E-03	2.73E-02	5.79E-01
1.47E+01	239.375748	1.17E-03	2.74E-02	5.82E-01
1.48E+01	240.8537469	1.18E-03	2.75E-02	5.85E-01
1.49E+01	242.340212	1.18E-03	2.76E-02	5.87E-01
1.49E+01	243.835193	1.18E-03	2.77E-02	5.90E-01
1.50E+01	245.3387343	1.19E-03	2.79E-02	5.93E-01
1.51E+01	246.8508801	1.19E-03	2.80E-02	5.96E-01
1.52E+01	248.3716813	1.20E-03	2.81E-02	5.98E-01
1.53E+01	249.9011885	1.20E-03	2.82E-02	6.01E-01
1.54E+01	251.4394471	1.21E-03	2.83E-02	6.04E-01
1.55E+01	252.9865083	1.21E-03	2.85E-02	6.07E-01
1.56E+01	254.5424179	1.22E-03	2.86E-02	6.10E-01
1.56E+01	256.1072217	1.22E-03	2.87E-02	6.13E-01
1.57E+01	257.680978	1.22E-03	2.88E-02	6.16E-01
1.58E+01	259.263727	1.23E-03	2.89E-02	6.18E-01
1.59E+01	260.8555276	1.23E-03	2.91E-02	6.21E-01
1.60E+01	262.4564205	1.24E-03	2.92E-02	6.24E-01
1.61E+01	264.066459	1.24E-03	2.93E-02	6.27E-01
1.62E+01	265.6856966	1.25E-03	2.94E-02	6.30E-01
1.63E+01	267.3141872	1.25E-03	2.96E-02	6.33E-01
1.64E+01	268.9519723	1.26E-03	2.97E-02	6.36E-01
1.65E+01	270.5991127	1.26E-03	2.98E-02	6.39E-01
1.66E+01	272.2556567	1.27E-03	2.99E-02	6.42E-01
1.67E+01	273.9216529	1.27E-03	3.01E-02	6.45E-01
1.68E+01	275.5971565	1.28E-03	3.02E-02	6.48E-01
1.69E+01	277.2822166	1.28E-03	3.03E-02	6.51E-01
1.69E+01	278.976889	1.28E-03	3.05E-02	6.54E-01
1.70E+01	280.6812299	1.29E-03	3.06E-02	6.57E-01
1.71E+01	282.395289	1.29E-03	3.07E-02	6.60E-01
1.72E+01	284.1191232	1.30E-03	3.08E-02	6.63E-01
1.73E+01	285.8527827	1.30E-03	3.10E-02	6.66E-01
1.74E+01	287.5963249	1.31E-03	3.11E-02	6.70E-01
1.75E+01	289.3498006	1.31E-03	3.12E-02	6.73E-01
1.76E+01	291.1132679	1.32E-03	3.14E-02	6.76E-01
1.77E+01	292.8867779	1.32E-03	3.15E-02	6.79E-01
1.78E+01	294.6703893	1.33E-03	3.16E-02	6.82E-01
1.79E+01	296.4641608	1.33E-03	3.18E-02	6.85E-01
1.80E+01	298.2681447	1.34E-03	3.19E-02	6.89E-01
1.81E+01	300.0823934	1.34E-03	3.20E-02	6.92E-01
1.82E+01	301.9069736	1.35E-03	3.22E-02	6.95E-01
1.83E+01	303.7419313	1.35E-03	3.23E-02	6.98E-01
1.85E+01	305.5873338	1.36E-03	3.24E-02	7.01E-01
1.86E+01	307.4432348	1.36E-03	3.26E-02	7.05E-01
1.87E+01	309.3096881	1.37E-03	3.27E-02	7.08E-01
1.88E+01	311.1867549	1.37E-03	3.29E-02	7.11E-01
1.89E+01	313.0744967	1.38E-03	3.30E-02	7.15E-01
1.90E+01	314.9729684	1.38E-03	3.31E-02	7.18E-01
1.91E+01	316.8822248	1.39E-03	3.33E-02	7.21E-01
1.92E+01	318.8023357	1.39E-03	3.34E-02	7.25E-01
1.93E+01	320.7333569	1.40E-03	3.35E-02	7.28E-01
1.94E+01	322.6753444	1.40E-03	3.37E-02	7.31E-01
1.95E+01	324.6283618	1.41E-03	3.38E-02	7.35E-01
1.96E+01	326.5924727	1.41E-03	3.40E-02	7.38E-01
1.98E+01	328.567734	1.42E-03	3.41E-02	7.41E-01
1.99E+01	330.5542102	1.42E-03	3.43E-02	7.45E-01
2.00E+01	332.5519585	1.43E-03	3.44E-02	7.48E-01
2.01E+01	334.561044	1.43E-03	3.45E-02	7.52E-01
2.02E+01	336.5815324	1.44E-03	3.47E-02	7.55E-01
2.03E+01	338.6134817	1.44E-03	3.48E-02	7.59E-01
2.04E+01	340.6569583	1.45E-03	3.50E-02	7.62E-01
2.06E+01	342.7120209	1.45E-03	3.51E-02	7.66E-01
2.07E+01	344.7787364	1.46E-03	3.53E-02	7.69E-01
2.08E+01	346.857172	1.47E-03	3.54E-02	7.73E-01
2.09E+01	348.9473875	1.47E-03	3.56E-02	7.76E-01
2.10E+01	351.0494508	1.48E-03	3.57E-02	7.80E-01
2.11E+01	353.1634224	1.48E-03	3.59E-02	7.83E-01
2.13E+01	355.2893707	1.49E-03	3.60E-02	7.87E-01
2.14E+01	357.4273648	1.49E-03	3.61E-02	7.91E-01
2.15E+01	359.5774661	1.50E-03	3.63E-02	7.94E-01
2.16E+01	361.7397441	1.50E-03	3.64E-02	7.98E-01
2.17E+01	363.9142609	1.51E-03	3.66E-02	8.02E-01
2.19E+01	366.1010869	1.51E-03	3.68E-02	8.05E-01
2.20E+01	368.3002928	1.52E-03	3.69E-02	8.09E-01
2.21E+01	370.5119415	1.52E-03	3.71E-02	8.13E-01
2.22E+01	372.7361045	1.53E-03	3.72E-02	8.16E-01
2.24E+01	374.9728536	1.53E-03	3.74E-02	8.20E-01
2.25E+01	377.2222527	1.54E-03	3.75E-02	8.24E-01
2.26E+01	379.4843745	1.54E-03	3.77E-02	8.28E-01
2.27E+01	381.7592836	1.55E-03	3.78E-02	8.31E-01
2.29E+01	384.0470531	1.56E-03	3.80E-02	8.35E-01
2.30E+01	386.3477567	1.56E-03	3.81E-02	8.39E-01
2.31E+01	388.6614668	1.57E-03	3.83E-02	8.43E-01
2.33E+01	390.9882479	1.58E-03	3.85E-02	8.47E-01
2.34E+01	393.3281666	1.58E-03	3.86E-02	8.51E-01
2.35E+01	395.6813066	1.59E-03	3.88E-02	8.54E-01
2.37E+01	398.0477351	1.60E-03	3.89E-02	8.58E-01
2.38E+01	400.4275285	1.61E-03	3.91E-02	8.62E-01
2.39E+01	402.8207547	1.62E-03	3.93E-02	8.66E-01
2.41E+01	405.227491	1.63E-03	3.94E-02	8.70E-01
2.42E+01	407.6478151	1.63E-03	3.96E-02	8.74E-01
2.43E+01	410.0817963	1.64E-03	3.97E-02	8.78E-01
2.45E+01	412.5295133	1.65E-03	3.99E-02	8.82E-01
2.46E+01	414.9910363	1.66E-03	4.01E-02	8.86E-01
2.48E+01	417.4664537	1.67E-03	4.02E-02	8.90E-01
2.49E+01	419.9558367	1.68E-03	4.04E-02	8.94E-01
2.50E+01	422.459257	1.69E-03	4.06E-02	8.98E-01
2.52E+01	424.9768044	1.69E-03	4.07E-02	9.02E-01
2.53E+01	427.5085517	1.70E-03	4.09E-02	9.06E-01
2.55E+01	430.0545717	1.71E-03	4.11E-02	9.10E-01
2.56E+01	432.614956	1.72E-03	4.13E-02	9.15E-01
2.57E+01	435.1897786	1.73E-03	4.14E-02	9.19E-01
2.59E+01	437.7791139	1.74E-03	4.16E-02	9.23E-01
2.60E+01	440.3830551	1.75E-03	4.18E-02	9.27E-01
2.62E+01	443.0016775	1.76E-03	4.20E-02	9.31E-01
2.63E+01	445.6350661	1.77E-03	4.21E-02	9.35E-01
2.65E+01	448.2832974	1.77E-03	4.23E-02	9.40E-01
2.66E+01	450.9464572	1.78E-03	4.25E-02	9.44E-01
2.68E+01	453.6246323	1.79E-03	4.27E-02	9.48E-01
2.69E+01	456.3179099	1.80E-03	4.28E-02	9.53E-01
2.71E+01	459.0263681	1.81E-03	4.30E-02	9.57E-01
2.72E+01	461.7500951	1.82E-03	4.32E-02	9.61E-01
2.74E+01	464.4891798	1.83E-03	4.34E-02	9.65E-01
2.75E+01	467.2437017	1.84E-03	4.36E-02	9.70E-01
2.77E+01	470.0137508	1.85E-03	4.38E-02	9.74E-01
2.79E+01	472.7994173	1.86E-03	4.39E-02	9.79E-01
2.80E+01	475.6007824	1.86E-03	4.41E-02	9.83E-01
2.82E+01	478.4179475	1.87E-03	4.43E-02	9.87E-01
2.83E+01	481.2509946	1.88E-03	4.45E-02	9.92E-01
2.85E+01	484.1000065	1.89E-03	4.47E-02	9.96E-01
2.87E+01	486.9650862	1.90E-03	4.49E-02	1.00E+00
2.88E+01	489.8463175	1.91E-03	4.51E-02	1.01E+00
2.90E+01	492.7437946	1.92E-03	4.53E-02	1.01E+00
2.91E+01	495.6576023	1.93E-03	4.55E-02	1.01E+00
2.93E+01	498.587846	1.94E-03	4.57E-02	1.02E+00
2.95E+01	501.5346117	1.95E-03	4.59E-02	1.02E+00
2.96E+01	504.4979958	1.96E-03	4.60E-02	1.03E+00
2.98E+01	507.4780852	1.97E-03	4.62E-02	1.03E+00
3.00E+01	510.4749776	1.98E-03	4.64E-02	1.04E+00
3.01E+01	513.4887816	1.99E-03	4.66E-02	1.04E+00
3.03E+01	516.5195754	2.00E-03	4.68E-02	1.05E+00
3.05E+01	519.5674688	2.01E-03	4.70E-02	1.05E+00
3.07E+01	522.6325514	2.02E-03	4.72E-02	1.06E+00
3.08E+01	525.7149239	2.02E-03	4.74E-02	1.06E+00
3.10E+01	528.8146884	2.03E-03	4.77E-02	1.07E+00
3.12E+01	531.931947	2.04E-03	4.79E-02	1.07E+00
3.13E+01	535.0667915	2.05E-03	4.81E-02	1.08E+00
3.15E+01	538.2193249	2.06E-03	4.83E-02	1.08E+00
3.17E+01	541.3896507	2.07E-03	4.85E-02	1.09E+00
3.19E+01	544.5778731	2.08E-03	4.87E-02	1.09E+00
3.21E+01	547.784086	2.08E-03	4.89E-02	1.09E+00
3.22E+01	551.0083946	2.09E-03	4.91E-02	1.10E+00
3.24E+01	554.2509048	2.10E-03	4.93E-02	1.10E+00
3.26E+01	557.5117232	2.11E-03	4.95E-02	1.11E+00
3.28E+01	560.7909568	2.12E-03	4.97E-02	1.11E+00
3.30E+01	564.0887022	2.13E-03	4.99E-02	1.12E+00
3.32E+01	567.4050677	2.13E-03	5.02E-02	1.12E+00
3.34E+01	570.7401621	2.14E-03	5.04E-02	1.13E+00
3.35E+01	574.0940949	2.15E-03	5.06E-02	1.13E+00
3.37E+01	577.4669762	2.16E-03	5.08E-02	1.14E+00
3.39E+01	580.8589054	2.17E-03	5.10E-02	1.14E+00
3.41E+01	584.2699937	2.18E-03	5.12E-02	1.15E+00
3.43E+01	587.700353	2.19E-03	5.15E-02	1.16E+00
3.45E+01	591.1500959	2.19E-03	5.17E-02	1.16E+00
3.47E+01	594.619324	2.20E-03	5.19E-02	1.17E+00
3.49E+01	598.1081625	2.21E-03	5.21E-02	1.17E+00
3.51E+01	601.6167143	2.22E-03	5.23E-02	1.18E+00
3.53E+01	605.1450943	2.23E-03	5.26E-02	1.18E+00
3.55E+01	608.6934183	2.24E-03	5.28E-02	1.19E+00
3.57E+01	612.2618024	2.24E-03	5.30E-02	1.19E+00
3.59E+01	615.8503517	2.25E-03	5.32E-02	1.20E+00
3.61E+01	619.4591957	2.26E-03	5.35E-02	1.20E+00
3.63E+01	623.0884406	2.27E-03	5.37E-02	1.21E+00
3.65E+01	626.7382052	2.28E-03	5.39E-02	1.21E+00
3.67E+01	630.408609	2.29E-03	5.41E-02	1.22E+00
3.69E+01	634.0997721	2.30E-03	5.44E-02	1.22E+00
3.71E+01	637.811803	2.30E-03	5.46E-02	1.23E+00
3.73E+01	641.5448355	2.31E-03	5.48E-02	1.23E+00
3.75E+01	645.2989793	2.32E-03	5.51E-02	1.24E+00
3.78E+01	649.0743695	2.33E-03	5.53E-02	1.25E+00
3.80E+01	652.8711171	2.34E-03	5.55E-02	1.25E+00
3.82E+01	656.6893462	2.35E-03	5.58E-02	1.26E+00
3.84E+01	660.5291691	2.35E-03	5.60E-02	1.26E+00
3.86E+01	664.3907236	2.36E-03	5.62E-02	1.27E+00
3.88E+01	668.2741359	2.37E-03	5.65E-02	1.27E+00
3.91E+01	672.1795199	2.38E-03	5.67E-02	1.28E+00
3.93E+01	676.1070032	2.39E-03	5.70E-02	1.29E+00
3.95E+01	680.0567137	2.40E-03	5.72E-02	1.29E+00
3.97E+01	684.028793	2.41E-03	5.74E-02	1.30E+00
3.99E+01	688.0233579	2.41E-03	5.77E-02	1.30E+00
4.02E+01	692.0405254	2.42E-03	5.79E-02	1.31E+00
4.04E+01	696.0804394	2.43E-03	5.82E-02	1.31E+00
4.06E+01	700.1432313	2.44E-03	5.84E-02	1.32E+00
4.09E+01	704.2290203	2.45E-03	5.86E-02	1.33E+00
4.11E+01	708.3379525	2.46E-03	5.89E-02	1.33E+00
4.13E+01	712.4701483	2.46E-03	5.91E-02	1.34E+00
4.16E+01	716.6257552	2.47E-03	5.94E-02	1.34E+00
4.18E+01	720.804895	2.48E-03	5.96E-02	1.35E+00
4.20E+01	725.0077033	2.49E-03	5.99E-02	1.36E+00
4.23E+01	729.2343167	2.50E-03	6.01E-02	1.36E+00
4.25E+01	733.4848722	2.51E-03	6.04E-02	1.37E+00
4.27E+01	737.7595077	2.51E-03	6.06E-02	1.37E+00
4.30E+01	742.0583618	2.52E-03	6.09E-02	1.38E+00
4.32E+01	746.3815738	2.53E-03	6.11E-02	1.39E+00
4.35E+01	750.7292699	2.54E-03	6.14E-02	1.39E+00
4.37E+01	755.1016048	2.55E-03	6.17E-02	1.40E+00
4.40E+01	759.4987198	2.55E-03	6.19E-02	1.40E+00
4.42E+01	763.9207432	2.56E-03	6.22E-02	1.41E+00
4.45E+01	768.3678319	2.57E-03	6.24E-02	1.42E+00
4.47E+01	772.8401156	2.58E-03	6.27E-02	1.42E+00
4.50E+01	777.3377528	2.59E-03	6.29E-02	1.43E+00
4.52E+01	781.8608743	2.59E-03	6.32E-02	1.44E+00
4.55E+01	786.4096405	2.60E-03	6.35E-02	1.44E+00
4.57E+01	790.9841834	2.61E-03	6.37E-02	1.45E+00
4.60E+01	795.584665	2.62E-03	6.40E-02	1.45E+00
4.63E+01	800.2112189	2.62E-03	6.42E-02	1.46E+00
4.65E+01	804.8639939	2.63E-03	6.45E-02	1.47E+00
4.68E+01	809.5431396	2.64E-03	6.48E-02	1.47E+00
4.71E+01	814.248821	2.65E-03	6.50E-02	1.48E+00
4.73E+01	818.9811745	2.66E-03	6.53E-02	1.49E+00
4.76E+01	823.740352	2.66E-03	6.56E-02	1.49E+00
4.79E+01	828.526521	2.67E-03	6.58E-02	1.50E+00
4.81E+01	833.3398199	2.68E-03	6.61E-02	1.51E+00
4.84E+01	838.180403	2.69E-03	6.64E-02	1.51E+00
4.87E+01	843.0484402	2.69E-03	6.66E-02	1.52E+00
4.90E+01	847.9440721	2.70E-03	6.69E-02	1.53E+00
4.92E+01	852.8674551	2.71E-03	6.72E-02	1.53E+00
4.95E+01	857.8187618	2.72E-03	6.74E-02	1.54E+00
4.98E+01	862.7981348	2.72E-03	6.77E-02	1.55E+00
5.01E+01	867.8057483	2.73E-03	6.80E-02	1.55E+00
5.04E+01	872.8417464	2.74E-03	6.83E-02	1.56E+00
5.06E+01	877.9063051	2.74E-03	6.85E-02	1.57E+00
5.09E+01	882.9995697	2.75E-03	6.88E-02	1.57E+00
5.12E+01	888.121718	2.76E-03	6.91E-02	1.58E+00
5.15E+01	893.2729126	2.77E-03	6.94E-02	1.59E+00
5.18E+01	898.453317	2.77E-03	6.96E-02	1.60E+00
5.21E+01	903.6630797	2.78E-03	6.99E-02	1.60E+00
5.24E+01	908.9023816	2.79E-03	7.02E-02	1.61E+00
5.27E+01	914.1713886	2.79E-03	7.05E-02	1.62E+00
5.30E+01	919.4702673	2.80E-03	7.08E-02	1.62E+00
5.33E+01	924.7991852	2.81E-03	7.10E-02	1.63E+00
5.36E+01	930.1583268	2.81E-03	7.13E-02	1.64E+00
5.39E+01	935.547845	2.82E-03	7.16E-02	1.64E+00
5.42E+01	940.9679094	2.83E-03	7.19E-02	1.65E+00
5.45E+01	946.4187074	2.83E-03	7.22E-02	1.66E+00
5.48E+01	951.9003937	2.84E-03	7.25E-02	1.67E+00
5.51E+01	957.4131573	2.85E-03	7.27E-02	1.67E+00
5.54E+01	962.9571713	2.85E-03	7.30E-02	1.68E+00
5.58E+01	968.5326096	2.86E-03	7.33E-02	1.69E+00
5.61E+01	974.139647	2.87E-03	7.36E-02	1.70E+00
5.64E+01	979.7784589	2.87E-03	7.39E-02	1.70E+00
5.67E+01	985.4492216	2.88E-03	7.42E-02	1.71E+00
5.70E+01	991.1521124	2.88E-03	7.45E-02	1.72E+00
5.74E+01	996.8873262	2.89E-03	7.48E-02	1.73E+00
5.77E+01	1002.655042	2.90E-03	7.50E-02	1.73E+00
5.80E+01	1008.455422	2.90E-03	7.53E-02	1.74E+00
5.83E+01	1014.288664	2.91E-03	7.56E-02	1.75E+00
5.87E+01	1020.154967	2.91E-03	7.59E-02	1.76E+00
5.90E+01	1026.054495	2.92E-03	7.62E-02	1.76E+00
5.93E+01	1031.987432	2.92E-03	7.65E-02	1.77E+00
5.97E+01	1037.953978	2.93E-03	7.68E-02	1.78E+00
6.00E+01	1043.954318	2.93E-03	7.71E-02	1.79E+00
6.03E+01	1049.988638	2.94E-03	7.74E-02	1.79E+00
6.07E+01	1056.057124	2.95E-03	7.77E-02	1.80E+00
6.10E+01	1062.159964	2.95E-03	7.80E-02	1.81E+00
6.14E+01	1068.297344	2.96E-03	7.83E-02	1.82E+00
6.17E+01	1074.469471	2.96E-03	7.86E-02	1.83E+00
6.21E+01	1080.676537	2.97E-03	7.89E-02	1.83E+00
6.24E+01	1086.918729	2.97E-03	7.92E-02	1.84E+00
6.28E+01	1093.196241	2.98E-03	7.95E-02	1.85E+00
6.31E+01	1099.509283	2.98E-03	7.97E-02	1.86E+00
6.35E+01	1105.858047	2.98E-03	8.00E-02	1.87E+00
6.38E+01	1112.242727	2.99E-03	8.03E-02	1.87E+00
6.42E+01	1118.663519	2.99E-03	8.06E-02	1.88E+00
6.46E+01	1125.120616	3.00E-03	8.09E-02	1.89E+00
6.49E+01	1131.614236	3.00E-03	8.12E-02	1.90E+00
6.53E+01	1138.144574	3.01E-03	8.15E-02	1.91E+00
6.57E+01	1144.711829	3.01E-03	8.18E-02	1.91E+00
6.60E+01	1151.3162	3.02E-03	8.21E-02	1.92E+00
6.64E+01	1157.957905	3.02E-03	8.25E-02	1.93E+00
6.68E+01	1164.637145	3.02E-03	8.28E-02	1.94E+00
6.72E+01	1171.354122	3.03E-03	8.31E-02	1.95E+00
6.75E+01	1178.109057	3.03E-03	8.34E-02	1.96E+00
6.79E+01	1184.902133	3.03E-03	8.37E-02	1.96E+00
6.83E+01	1191.733575	3.04E-03	8.40E-02	1.97E+00
6.87E+01	1198.603607	3.04E-03	8.43E-02	1.98E+00
6.91E+01	1205.512415	3.04E-03	8.46E-02	1.99E+00
6.95E+01	1212.460224	3.05E-03	8.49E-02	2.00E+00
6.99E+01	1219.447244	3.05E-03	8.52E-02	2.01E+00
7.03E+01	1226.4737	3.05E-03	8.55E-02	2.01E+00
7.07E+01	1233.539804	3.06E-03	8.58E-02	2.02E+00
7.11E+01	1240.645765	3.06E-03	8.61E-02	2.03E+00
7.15E+01	1247.791793	3.06E-03	8.64E-02	2.04E+00
7.19E+01	1254.978121	3.07E-03	8.67E-02	2.05E+00
7.23E+01	1262.20496	3.07E-03	8.70E-02	2.06E+00
7.27E+01	1269.472546	3.07E-03	8.73E-02	2.07E+00
7.31E+01	1276.781092	3.07E-03	8.76E-02	2.08E+00
7.35E+01	1284.130823	3.06E-03	8.79E-02	2.08E+00
7.39E+01	1291.521962	3.04E-03	8.82E-02	2.09E+00
7.43E+01	1298.954747	3.02E-03	8.85E-02	2.10E+00
7.47E+01	1306.429394	3.00E-03	8.88E-02	2.11E+00
7.52E+01	1313.946139	2.98E-03	8.91E-02	2.12E+00
7.56E+01	1321.505199	2.96E-03	8.94E-02	2.13E+00
7.60E+01	1329.106789	2.94E-03	8.97E-02	2.14E+00
7.64E+01	1336.751146	2.92E-03	9.00E-02	2.15E+00
7.69E+01	1344.438486	2.90E-03	9.03E-02	2.16E+00
7.73E+01	1352.169026	2.88E-03	9.06E-02	2.16E+00
7.77E+01	1359.943003	2.86E-03	9.09E-02	2.17E+00
7.82E+01	1367.760633	2.84E-03	9.12E-02	2.18E+00
7.86E+01	1375.622153	2.82E-03	9.15E-02	2.19E+00
7.91E+01	1383.527781	2.80E-03	9.17E-02	2.20E+00
7.95E+01	1391.477754	2.78E-03	9.20E-02	2.21E+00
7.99E+01	1399.472288	2.75E-03	9.23E-02	2.22E+00
8.04E+01	1407.511622	2.73E-03	9.26E-02	2.23E+00
8.08E+01	1415.595971	2.71E-03	9.28E-02	2.24E+00
8.13E+01	1423.725552	2.69E-03	9.31E-02	2.25E+00
8.18E+01	1431.900603	2.67E-03	9.34E-02	2.26E+00
8.22E+01	1440.121341	2.65E-03	9.36E-02	2.27E+00
8.27E+01	1448.388004	2.62E-03	9.39E-02	2.28E+00
8.31E+01	1456.70083	2.60E-03	9.42E-02	2.28E+00
8.36E+01	1465.060014	2.58E-03	9.44E-02	2.29E+00
8.41E+01	1473.465816	2.56E-03	9.47E-02	2.30E+00
8.45E+01	1481.918453	2.53E-03	9.49E-02	2.31E+00
8.50E+01	1490.41814	2.51E-03	9.52E-02	2.32E+00
8.55E+01	1498.965117	2.49E-03	9.54E-02	2.33E+00
8.59E+01	1507.559599	2.47E-03	9.57E-02	2.34E+00
8.64E+01	1516.201826	2.44E-03	9.59E-02	2.35E+00
8.69E+01	1524.892036	2.42E-03	9.62E-02	2.36E+00
8.74E+01	1533.630445	2.40E-03	9.64E-02	2.37E+00
8.79E+01	1542.417268	2.37E-03	9.66E-02	2.38E+00
8.84E+01	1551.252769	2.35E-03	9.69E-02	2.39E+00
8.88E+01	1560.137139	2.33E-03	9.71E-02	2.40E+00
8.93E+01	1569.070641	2.30E-03	9.73E-02	2.41E+00
8.98E+01	1578.053467	2.28E-03	9.76E-02	2.42E+00
9.03E+01	1587.085879	2.26E-03	9.78E-02	2.43E+00
9.08E+01	1596.168092	2.23E-03	9.80E-02	2.44E+00
9.13E+01	1605.300347	2.21E-03	9.82E-02	2.45E+00
9.18E+01	1614.482857	2.19E-03	9.85E-02	2.46E+00
9.23E+01	1623.715863	2.16E-03	9.87E-02	2.47E+00
9.28E+01	1632.999578	2.14E-03	9.89E-02	2.48E+00
9.33E+01	1642.334242	2.12E-03	9.91E-02	2.49E+00
9.39E+01	1651.720094	2.09E-03	9.93E-02	2.50E+00
9.44E+01	1661.157373	2.07E-03	9.95E-02	2.51E+00
9.49E+01	1670.646293	2.05E-03	9.97E-02	2.52E+00
9.54E+01	1680.187095	2.02E-03	9.99E-02	2.53E+00
9.59E+01	1689.779991	2.00E-03	1.00E-01	2.54E+00
9.65E+01	1699.425221	1.98E-03	1.00E-01	2.55E+00
9.70E+01	1709.123023	1.95E-03	1.01E-01	2.56E+00
9.75E+01	1718.873612	1.93E-03	1.01E-01	2.57E+00
9.80E+01	1728.677227	1.91E-03	1.01E-01	2.58E+00
9.86E+01	1738.534106	1.88E-03	1.01E-01	2.59E+00
9.91E+01	1748.444489	1.86E-03	1.01E-01	2.60E+00
9.96E+01	1758.408588	1.84E-03	1.01E-01	2.61E+00
1.00E+02	1768.426643	1.81E-03	1.02E-01	2.62E+00
1.01E+02	1778.498893	1.79E-03	1.02E-01	2.63E+00
1.01E+02	1788.62555	1.77E-03	1.02E-01	2.64E+00
1.02E+02	1798.80688	1.74E-03	1.02E-01	2.65E+00
1.02E+02	1809.043094	1.72E-03	1.02E-01	2.66E+00
1.03E+02	1819.334406	1.70E-03	1.03E-01	2.67E+00
1.03E+02	1829.681081	1.67E-03	1.03E-01	2.68E+00
1.04E+02	1840.08333	1.65E-03	1.03E-01	2.69E+00
1.05E+02	1850.541393	1.63E-03	1.03E-01	2.70E+00
1.05E+02	1861.055507	1.61E-03	1.03E-01	2.71E+00
1.06E+02	1871.625913	1.58E-03	1.03E-01	2.72E+00
1.06E+02	1882.252848	1.56E-03	1.03E-01	2.73E+00
1.07E+02	1892.936525	1.54E-03	1.04E-01	2.74E+00
1.07E+02	1903.67718	1.52E-03	1.04E-01	2.75E+00
1.08E+02	1914.475055	1.49E-03	1.04E-01	2.76E+00
1.09E+02	1925.330385	1.47E-03	1.04E-01	2.77E+00
1.09E+02	1936.243411	1.45E-03	1.04E-01	2.78E+00
1.10E+02	1947.214371	1.43E-03	1.04E-01	2.79E+00
1.10E+02	1958.243476	1.40E-03	1.05E-01	2.80E+00
1.11E+02	1969.330963	1.38E-03	1.05E-01	2.81E+00
1.11E+02	1980.477101	1.36E-03	1.05E-01	2.83E+00
1.12E+02	1991.682098	1.34E-03	1.05E-01	2.84E+00
1.13E+02	2002.946193	1.32E-03	1.05E-01	2.85E+00
1.13E+02	2014.269626	1.30E-03	1.05E-01	2.86E+00
1.14E+02	2025.652634	1.27E-03	1.05E-01	2.87E+00
1.14E+02	2037.095455	1.25E-03	1.05E-01	2.88E+00
1.15E+02	2048.59833	1.23E-03	1.06E-01	2.89E+00
1.16E+02	2060.161466	1.21E-03	1.06E-01	2.90E+00
1.16E+02	2071.785132	1.19E-03	1.06E-01	2.91E+00
1.17E+02	2083.469566	1.17E-03	1.06E-01	2.92E+00
1.17E+02	2095.215006	1.15E-03	1.06E-01	2.93E+00
1.18E+02	2107.021663	1.13E-03	1.06E-01	2.94E+00
1.19E+02	2118.889803	1.11E-03	1.06E-01	2.95E+00
1.19E+02	2130.819667	1.09E-03	1.06E-01	2.96E+00
1.20E+02	2142.811491	1.07E-03	1.06E-01	2.97E+00
1.21E+02	2154.865486	1.05E-03	1.07E-01	2.98E+00
1.21E+02	2166.98192	1.03E-03	1.07E-01	2.99E+00
1.22E+02	2179.161031	1.01E-03	1.07E-01	3.01E+00
1.22E+02	2191.403059	9.90E-04	1.07E-01	3.02E+00
1.23E+02	2203.708243	9.71E-04	1.07E-01	3.03E+00
1.24E+02	2216.076822	9.53E-04	1.07E-01	3.04E+00
1.24E+02	2228.509034	9.34E-04	1.07E-01	3.05E+00
1.25E+02	2241.005119	9.15E-04	1.07E-01	3.06E+00
1.26E+02	2253.565347	8.97E-04	1.07E-01	3.07E+00
1.26E+02	2266.189927	8.79E-04	1.07E-01	3.08E+00
1.27E+02	2278.879128	8.61E-04	1.08E-01	3.09E+00
1.28E+02	2291.63319	8.43E-04	1.08E-01	3.10E+00
1.28E+02	2304.452353	8.25E-04	1.08E-01	3.11E+00
1.29E+02	2317.336857	8.08E-04	1.08E-01	3.12E+00
1.30E+02	2330.286941	7.91E-04	1.08E-01	3.13E+00
1.30E+02	2343.302847	7.74E-04	1.08E-01	3.15E+00
1.31E+02	2356.384844	7.57E-04	1.08E-01	3.16E+00
1.31E+02	2369.533174	7.40E-04	1.08E-01	3.17E+00
1.32E+02	2382.748077	7.24E-04	1.08E-01	3.18E+00
1.33E+02	2396.029794	7.08E-04	1.08E-01	3.19E+00
1.33E+02	2409.378596	6.91E-04	1.08E-01	3.20E+00
1.34E+02	2422.794695	6.76E-04	1.08E-01	3.21E+00
1.35E+02	2436.278361	6.60E-04	1.08E-01	3.22E+00

