232450.00
238192.00
238134.00
238076.00
232450.00
238192.00
238134.00
238076.00
238018.00
237960.00
237902.00
237845.00
237787.00
237729.00
237671.00
237613.00
237555.00
237497.00
237439.00
237381.00
237323.00
237265.00
237207.00
237149.00
237092.00
237034.00
236976.00
236918.00
236860.00
236802.00
236744.00
236686.00
236628.00
236570.00
236512.00
236454.00
236396.00
236339.00
236281.00
236223.00
236165.00
236107.00
236049.00
235991.00
235933.00
235875.00
235817.00
235759.00
235701.00
235643.00
235586.00
235528.00
235470.00
235412.00
235354.00
235296.00
235238.00
235180.00
235122.00
235064.00
235006.00
234948.00
234890.00
234833.00
234775.00
234717.00
234659.00
234601.00
234543.00
234485.00
234427.00
234369.00
234311.00
234253.00
234195.00
234137.00
234080.00
234022.00
233964.00
233906.00
233848.00
233790.00
233732.00
233674.00
233616.00
233558.00
233500.00
233442.00
233384.00
233327.00
233269.00
233211.00
233153.00
233095.00
233037.00
232979.00
232921.00
232863.00
232805.00
232747.00
232689.00
232631.00
232574.00
232516.00
232458.00
232400.00
232342.00
232284.00
232226.00
232168.00
232110.00
232052.00
231994.00
231936.00
231878.00
231821.00
231763.00
231705.00
231647.00
231589.00
231531.00
231473.00
231415.00
231357.00
231299.00
231241.00
231183.00
231125.00
231068.00
231010.00
230952.00
230894.00
230836.00
230778.00
230720.00
230662.00
230604.00
230546.00
230488.00
230430.00
230372.00
230315.00
230257.00
230199.00
230141.00
230083.00
230025.00
229967.00
229909.00
229851.00
229793.00
229735.00
229677.00
229619.00
229562.00
229504.00
229446.00
229388.00
229330.00
229272.00
229214.00
229156.00
229098.00
229040.00
228982.00
228924.00
228866.00
228809.00
228751.00
228693.00
228635.00
228577.00
228519.00
228461.00
228403.00
228345.00
228287.00
228229.00
228171.00
228113.00
228056.00
227998.00
227940.00
227882.00
227824.00
227766.00
227708.00
227650.00
227592.00
227534.00
227476.00
227418.00
227360.00
227303.00
227245.00
227187.00
227129.00
227071.00
227013.00
226955.00
226897.00
226839.00
226781.00
226723.00
226665.00
226607.00
226550.00
226492.00
226434.00
226376.00
226318.00
226260.00
226202.00
226144.00
226086.00
226028.00
225970.00
225912.00
225854.00
225797.00
225739.00
225681.00
225623.00
225565.00
225507.00
225449.00
225391.00
225333.00
225275.00
225217.00
225159.00
225101.00
225044.00
224986.00
224928.00
224870.00
224812.00
224754.00
224696.00
224638.00
224580.00
224522.00
224464.00
224406.00
224348.00
224291.00
224233.00
224175.00
224117.00
224059.00
224001.00
223943.00
223885.00
223827.00
223769.00
223711.00
223653.00
223595.00
223538.00
223480.00
223422.00
223364.00
223306.00
223248.00
223190.00
223132.00
223074.00
223016.00
222958.00
222900.00
222842.00
222785.00
222727.00
222669.00
222611.00
222553.00
222495.00
222437.00
222379.00
222321.00
222263.00
222205.00
222147.00
222089.00
222032.00
221974.00
221916.00
221858.00
221800.00
221742.00
221684.00
221626.00
221568.00
221510.00
221452.00
221394.00
221337.00
221279.00
221221.00
221163.00
221105.00
221047.00
220989.00
220931.00
220873.00
220815.00
220757.00
220699.00
220641.00
220584.00
220526.00
220468.00
220410.00
220352.00
220294.00
220236.00
220178.00
220120.00
220062.00
220004.00
219946.00
219888.00
219831.00
219773.00
219715.00
219657.00
219599.00
219541.00
219483.00
219425.00
219367.00
219309.00
219251.00
219193.00
219135.00
219078.00
219020.00
218962.00
218904.00
218846.00
218788.00
218730.00
218672.00
218614.00
218556.00
218498.00
218440.00
218382.00
218325.00
218267.00
218209.00
218151.00
218093.00
218035.00
217977.00
217919.00
217861.00
217803.00
217745.00
217687.00
217629.00
217572.00
217514.00
217456.00
217398.00
217340.00
217282.00
217224.00
217166.00
217108.00
217050.00
216992.00
216934.00
216876.00
216819.00
216761.00
216703.00
216645.00
216587.00
216529.00
216471.00
216413.00
216355.00
216297.00
216239.00
216181.00
216123.00
216066.00
216008.00
215950.00
215892.00
215834.00
215776.00
215718.00
215660.00
215602.00
215544.00
215486.00
215428.00
215370.00
215313.00
215255.00
215197.00
215139.00
215081.00
215023.00
214965.00
214907.00
214849.00
214791.00
214733.00
214675.00
214617.00
214560.00
214502.00
214444.00
214386.00
214328.00
214270.00
214212.00
214154.00
214096.00
214038.00
213980.00
213922.00
213864.00
213807.00
213749.00
213691.00
213633.00
213575.00
213517.00
213459.00
213401.00
213343.00
213285.00
213227.00
213169.00
213111.00
213054.00
212996.00
212938.00
212880.00
212822.00
212764.00
212706.00
212648.00
212590.00
212532.00
212474.00
212416.00
212358.00
212301.00
212243.00
212185.00
212127.00
212069.00
212011.00
211953.00
211895.00
211837.00
211779.00
211721.00
211663.00
211605.00
211548.00
211490.00
211432.00
211374.00
211316.00
211258.00
211200.00
211142.00
211084.00
211026.00
210968.00
210910.00
210852.00
210795.00
210737.00
210679.00
210621.00
210563.00
210505.00
210447.00
210389.00
210331.00
210273.00
210215.00
210157.00
210099.00
210042.00
209984.00
209926.00
209868.00
209810.00
209752.00
209694.00
209636.00
209578.00
209520.00
209462.00
209404.00
209346.00
209289.00
209231.00
209173.00
209115.00
209057.00
208999.00
208941.00
208883.00
208825.00
208767.00
208709.00
208651.00
208593.00
208536.00
208478.00
208420.00
208362.00
208304.00
208246.00
208188.00
208130.00
208072.00
208014.00
207956.00
207898.00
207840.00
207783.00
207725.00
207667.00
207609.00
207551.00
207493.00
207435.00
207377.00
207319.00
207261.00
207203.00
207145.00
207087.00
207030.00
206972.00
206914.00
206856.00
206798.00
206740.00
206682.00
206624.00
206566.00
206508.00
206450.00
206392.00
206334.00
206277.00
206219.00
206161.00
206103.00
206045.00
205987.00
205929.00
205871.00
205813.00
205755.00
205697.00
205639.00
205581.00
205524.00
205466.00
205408.00
205350.00
205292.00
205234.00
205176.00
205118.00
205060.00
205002.00
204944.00
204886.00
204828.00
204771.00
204713.00
204655.00
204597.00
204539.00
204481.00
204423.00
204365.00
204307.00
204249.00
204191.00
204133.00
204075.00
204018.00
203960.00
203902.00
203844.00
203786.00
203728.00
203670.00
203612.00
203554.00
203496.00
203438.00
203380.00
203322.00
203265.00
203207.00
203149.00
203091.00
203033.00
202975.00
202917.00
202859.00
202801.00
202743.00
202685.00
202627.00
202569.00
202512.00
202454.00
202396.00
202338.00
202280.00
202222.00
202164.00
202106.00
202048.00
201990.00
201932.00
201874.00
201816.00
201759.00
201701.00
201643.00
201585.00
201527.00
201469.00
201411.00
201353.00
201295.00
201237.00
201179.00
201121.00
201063.00
201006.00
200948.00
200890.00
200832.00
200774.00
200716.00
200658.00
200600.00
200542.00
200484.00
200426.00
200368.00
200310.00
200253.00
200195.00
200137.00
200079.00
200021.00
199963.00
199905.00
199847.00
199789.00
199731.00
199673.00
199615.00
199557.00
199500.00
199442.00
199384.00
199326.00
199268.00
199210.00
199152.00
199094.00
199036.00
198978.00
198920.00
198862.00
198804.00
198747.00
198689.00
198631.00
198573.00
198515.00
198457.00
198399.00
198341.00
198283.00
198225.00
198167.00
198109.00
198051.00
197994.00
197936.00
197878.00
197820.00
197762.00
197704.00
197646.00
197588.00
197530.00
197472.00
197414.00
197356.00
197298.00
197241.00
197183.00
197125.00
197067.00
197009.00
196951.00
196893.00
196835.00
196777.00
196719.00
196661.00
196603.00
196545.00
196488.00
196430.00
196372.00
196314.00
196256.00
196198.00
196140.00
196082.00
196024.00
195966.00
195908.00
195850.00
195792.00
195735.00
195677.00
195619.00
195561.00
195503.00
195445.00
195387.00
195329.00
195271.00
195213.00
195155.00
195097.00
195039.00
194982.00
194924.00
194866.00
194808.00
194750.00
194692.00
194634.00
194576.00
194518.00
194460.00
194402.00
194344.00
194286.00
194229.00
194171.00
194113.00
194055.00
193997.00
193939.00
193881.00
193823.00
193765.00
193707.00
193649.00
193591.00
193533.00
193476.00
193418.00
193360.00
193302.00
193244.00
193186.00
193128.00
193070.00
193012.00
192954.00
192896.00
192838.00
192780.00
192723.00
192665.00
192607.00
192549.00
192491.00
192433.00
192375.00
192317.00
192259.00
192201.00
192143.00
192085.00
192027.00
191970.00
191912.00
191854.00
191796.00
191738.00
191680.00
191622.00
191564.00
191506.00
191448.00
191390.00
191332.00
191274.00
191217.00
191159.00
191101.00
191043.00
190985.00
190927.00
190869.00
190811.00
190753.00
190695.00
190637.00
190579.00
190521.00
190464.00
190406.00
190348.00
190290.00
190232.00
190174.00
190116.00
190058.00
190000.00
189942.00
189884.00
189826.00
189768.00
189711.00
189653.00
189595.00
189537.00
189479.00
189421.00
189363.00
189305.00
189247.00
189189.00
189131.00
189073.00
189015.00
188958.00
188900.00
188842.00
188784.00
188726.00
188668.00
188610.00
188552.00
188494.00
188436.00
188378.00
188320.00
188263.00
188205.00
188147.00
188089.00
188031.00
187973.00
187915.00
187857.00
187799.00
187741.00
187683.00
187625.00
187567.00
187510.00
187452.00
187394.00
187336.00
187278.00
187220.00
187162.00
187104.00
187046.00
186988.00
186930.00
186872.00
186814.00
186757.00
186699.00
186641.00
186583.00
186525.00
186467.00
186409.00
186351.00
186293.00
186235.00
186177.00
186119.00
186061.00
186004.00
185946.00
185888.00
185830.00
185772.00
185714.00
185656.00
185598.00
185540.00
185482.00
185424.00
185366.00
185308.00
185251.00
185193.00
185135.00
185077.00
185019.00
184961.00
184903.00
184845.00
184787.00
184729.00
184671.00
184613.00
184555.00
184498.00
184440.00
184382.00
184324.00
184266.00
184208.00
184150.00
184092.00
184034.00
183976.00
183918.00
183860.00
183802.00
183745.00
183687.00
183629.00
183571.00
183513.00
183455.00
183397.00
183339.00
183281.00
183223.00
183165.00
183107.00
183049.00
182992.00
182934.00
182876.00
182818.00
182760.00
182702.00
182644.00
182586.00
182528.00
182470.00
182412.00
182354.00
182296.00
182239.00
182181.00
182123.00
182065.00
182007.00
181949.00
181891.00
181833.00
181775.00
181717.00
181659.00
181601.00
181543.00
181486.00
181428.00
181370.00
181312.00
181254.00
181196.00
181138.00
181080.00
181022.00
180964.00
180906.00
180848.00
180790.00
180733.00
180675.00
180617.00
180559.00
180501.00
180443.00
180385.00
180327.00
180269.00
180211.00
180153.00
180095.00
180037.00
179980.00
179922.00
179864.00
179806.00
179748.00
179690.00
179632.00
179574.00
179516.00
179458.00
179400.00
179342.00
179284.00
179227.00
179169.00
179111.00
179053.00
178995.00
178937.00
178879.00
178821.00
178763.00
178705.00
178647.00
178589.00
178531.00
178474.00
178416.00
178358.00
178300.00
178242.00
178184.00
178126.00
178068.00
178010.00
177952.00
177894.00
177836.00
177778.00
177721.00
177663.00
177605.00
177547.00
177489.00
177431.00
177373.00
177315.00
177257.00
177199.00
177141.00
177083.00
177025.00
176968.00
176910.00
176852.00
176794.00
176736.00
176678.00
176620.00
176562.00
176504.00
176446.00
176388.00
176330.00
176272.00
176215.00
176157.00
176099.00
176041.00
175983.00
175925.00
175867.00
175809.00
175751.00
175693.00
175635.00
175577.00
175519.00
175462.00
175404.00
175346.00
175288.00
175230.00
175172.00
175114.00
175056.00
174998.00
174940.00
174882.00
174824.00
174766.00
174709.00
174651.00
174593.00
174535.00
174477.00
174419.00
174361.00
174303.00
174245.00
174187.00
174129.00
174071.00
174013.00
173956.00
173898.00
173840.00
173782.00
173724.00
173666.00
173608.00
173550.00
173492.00
173434.00
173376.00
173318.00
173260.00
173203.00
173145.00
173087.00
173029.00
172971.00
172913.00
172855.00
172797.00
172739.00
172681.00
172623.00
172565.00
172507.00
172450.00
172392.00
172334.00
172276.00
172218.00
172160.00
172102.00
172044.00
171986.00
171928.00
171870.00
171812.00
171754.00
171697.00
171639.00
171581.00
171523.00
171465.00
171407.00
171349.00
171291.00
171233.00
171175.00
171117.00
171059.00
171001.00
170944.00
170886.00
170828.00
170770.00
170712.00
170654.00
170596.00
170538.00
170480.00
170422.00
170364.00
170306.00
170248.00
170191.00
170133.00
170075.00
170017.00
169959.00
169901.00
169843.00
169785.00
169727.00
169669.00
169611.00
169553.00
169495.00
169438.00
169380.00
169322.00
169264.00
169206.00
169148.00
169090.00
169032.00
168974.00
168916.00
168858.00
168800.00
168742.00
168685.00
168627.00
168569.00
168511.00
168453.00
168395.00
168337.00
168279.00
168221.00
168163.00
168105.00
168047.00
167989.00
167932.00
167874.00
167816.00
167758.00
167700.00
167642.00
167584.00
167526.00
167468.00
167410.00
167352.00
167294.00
167236.00
167179.00
167121.00
167063.00
167005.00
166947.00
166889.00
166831.00
166773.00
166715.00
166657.00
166599.00
166541.00
166483.00
166426.00
166368.00
166310.00
166252.00
166194.00
166136.00
166078.00
166020.00
165962.00
165904.00
165846.00
165788.00
165730.00
165673.00
165615.00
165557.00
165499.00
165441.00
165383.00
165325.00
165267.00
165209.00
165151.00
165093.00
165035.00
164977.00
164920.00
164862.00
164804.00
164746.00
164688.00
164630.00
164572.00
164514.00
164456.00
164398.00
164340.00
164282.00
164224.00
164167.00
164109.00
164051.00
163993.00
163935.00
163877.00
163819.00
163761.00
163703.00
163645.00
163587.00
163529.00
163471.00
163414.00
163356.00
163298.00
163240.00
163182.00
163124.00
163066.00
163008.00
162950.00
162892.00
162834.00
162776.00
162718.00
162661.00
162603.00
162545.00
162487.00
162429.00
162371.00
162313.00
162255.00
162197.00
162139.00
162081.00
162023.00
161965.00
161908.00
161850.00
161792.00
161734.00
161676.00
161618.00
161560.00
161502.00
161444.00
161386.00
161328.00
161270.00
161212.00
161155.00
161097.00
161039.00
160981.00
160923.00
160865.00
160807.00
160749.00
160691.00
160633.00
160575.00
160517.00
160459.00
160402.00
160344.00
160286.00
160228.00
160170.00
160112.00
160054.00
159996.00
159938.00
159880.00
159822.00
159764.00
159706.00
159649.00
159591.00
159533.00
159475.00
159417.00
159359.00
159301.00
159243.00
159185.00
159127.00
159069.00
159011.00
158953.00
158896.00
158838.00
158780.00
158722.00
158664.00
158606.00
158548.00
158490.00
158432.00
158374.00
158316.00
158258.00
158200.00
158143.00
158085.00
158027.00
157969.00
157911.00
157853.00
157795.00
157737.00
157679.00
157621.00
157563.00
157505.00
157447.00
157390.00
157332.00
157274.00
157216.00
157158.00
157100.00
157042.00
156984.00
156926.00
156868.00
156810.00
156752.00
156694.00
156637.00
156579.00
156521.00
156463.00
156405.00
156347.00
156289.00
156231.00
156173.00
156115.00
156057.00
155999.00
155942.00
155884.00
155826.00
155768.00
155710.00
155652.00
155594.00
155536.00
155478.00
155420.00
155362.00
155304.00
155246.00
155189.00
155131.00
155073.00
155015.00
154957.00
154899.00
154841.00
154783.00
154725.00
154667.00
154609.00
154551.00
154493.00
154436.00
154378.00
154320.00
154262.00
154204.00
154146.00
154088.00
154030.00
153972.00
153914.00
153856.00
153798.00
153740.00
153683.00
153625.00
153567.00
153509.00
153451.00
153393.00
153335.00
153277.00
153219.00
153161.00
153103.00
153045.00
152987.00
152930.00
152872.00
152814.00
152756.00
152698.00
152640.00
152582.00
152524.00
152466.00
152408.00
152350.00
152292.00
152234.00
152177.00
152119.00
152061.00
152003.00
151945.00
151887.00
151829.00
151771.00
151713.00
151655.00
151597.00
151539.00
151481.00
151424.00
151366.00
151308.00
151250.00
151192.00
151134.00
151076.00
151018.00
150960.00
150902.00
150844.00
150786.00
150728.00
150671.00
150613.00
150555.00
150497.00
150439.00
150381.00
150323.00
150265.00
150207.00
150149.00
150091.00
150033.00
149975.00
149918.00
149860.00
149802.00
149744.00
149686.00
149628.00
149570.00
149512.00
149454.00
149396.00
149338.00
149280.00
149222.00
149165.00
149107.00
149049.00
148991.00
148933.00
148875.00
148817.00
148759.00
148701.00
148643.00
148585.00
148527.00
148469.00
148412.00
148354.00
148296.00
148238.00
148180.00
148122.00
148064.00
148006.00
147948.00
147890.00
147832.00
147774.00
147716.00
147659.00
147601.00
147543.00
147485.00
147427.00
147369.00
147311.00
147253.00
147195.00
147137.00
147079.00
147021.00
146963.00
146906.00
146848.00
146790.00
146732.00
146674.00
146616.00
146558.00
146500.00
146442.00
146384.00
146326.00
146268.00
146210.00
146153.00
146095.00
146037.00
145979.00
145921.00
145863.00
145805.00
145747.00
145689.00
145631.00
145573.00
145515.00
145457.00
145400.00
145342.00
145284.00
145226.00
145168.00
145110.00
145052.00
144994.00
144936.00
144878.00
144820.00
144762.00
144704.00
144647.00
144589.00
144531.00
144473.00
144415.00
144357.00
144299.00
144241.00
144183.00
144125.00
144067.00
144009.00
143951.00
143894.00
143836.00
143778.00
143720.00
143662.00
143604.00
143546.00
143488.00
143430.00
143372.00
143314.00
143256.00
143198.00
143141.00
143083.00
143025.00
142967.00
142909.00
142851.00
142793.00
142735.00
142677.00
142619.00
142561.00
142503.00
142445.00
142388.00
142330.00
142272.00
142214.00
142156.00
142098.00
142040.00
141982.00
141924.00
141866.00
141808.00
141750.00
141692.00
141635.00
141577.00
141519.00
141461.00
141403.00
141345.00
141287.00
141229.00
141171.00
141113.00
141055.00
140997.00
140939.00
140882.00
140824.00
140766.00
140708.00
140650.00
140592.00
140534.00
140476.00
140418.00
140360.00
140302.00
140244.00
140186.00
140129.00
140071.00
140013.00
139955.00
139897.00
139839.00
139781.00
139723.00
139665.00
139607.00
139549.00
139491.00
139433.00
139376.00
139318.00
139260.00
139202.00
139144.00
139086.00
139028.00
138970.00
138912.00
138854.00
138796.00
138738.00
138680.00
138623.00
138565.00
138507.00
138449.00
138391.00
138333.00
138275.00
138217.00
138159.00
138101.00
138043.00
137985.00
137927.00
137870.00
137812.00
137754.00
137696.00
137638.00
137580.00
137522.00
137464.00
137406.00
137348.00
137290.00
137232.00
137174.00
137117.00
137059.00
137001.00
136943.00
136885.00
136827.00
136769.00
136711.00
136653.00
136595.00
136537.00
136479.00
136421.00
136364.00
136306.00
136248.00
136190.00
136132.00
136074.00
136016.00
135958.00
135900.00
135842.00
135784.00
135726.00
135668.00
135611.00
135553.00
135495.00
135437.00
135379.00
135321.00
135263.00
135205.00
135147.00
135089.00
135031.00
134973.00
134915.00
134858.00
134800.00
134742.00
134684.00
134626.00
134568.00
134510.00
134452.00
134394.00
134336.00
134278.00
134220.00
134162.00
134105.00
134047.00
133989.00
133931.00
133873.00
133815.00
133757.00
133699.00
133641.00
133583.00
133525.00
133467.00
133409.00
133352.00
133294.00
133236.00
133178.00
133120.00
133062.00
133004.00
132946.00
132888.00
132830.00
132772.00
132714.00
132656.00
132599.00
132541.00
132483.00
132425.00
132367.00
132309.00
132251.00
132193.00
132135.00
132077.00
132019.00
131961.00
131903.00
131846.00
131788.00
131730.00
131672.00
131614.00
131556.00
131498.00
131440.00
131382.00
131324.00
131266.00
131208.00
131150.00
131093.00
131035.00
130977.00
130919.00
130861.00
130803.00
130745.00
130687.00
130629.00
130571.00
130513.00
130455.00
130397.00
130340.00
130282.00
130224.00
130166.00
130108.00
130050.00
129992.00
129934.00
129876.00
129818.00
129760.00
129702.00
129644.00
129587.00
129529.00
129471.00
129413.00
129355.00
129297.00
129239.00
129181.00
129123.00
129065.00
129007.00
128949.00
128891.00
128834.00
128776.00
128718.00
128660.00
128602.00
128544.00
128486.00
128428.00
128370.00
128312.00
128254.00
128196.00
128138.00
128081.00
128023.00
127965.00
127907.00
127849.00
127791.00
127733.00
127675.00
127617.00
127559.00
127501.00
127443.00
127385.00
127328.00
127270.00
127212.00
127154.00
127096.00
127038.00
126980.00
126922.00
126864.00
126806.00
126748.00
126690.00
126632.00
126575.00
126517.00
126459.00
126401.00
126343.00
126285.00
126227.00
126169.00
126111.00
126053.00
125995.00
125937.00
125879.00
125822.00
125764.00
125706.00
125648.00
125590.00
125532.00
125474.00
125416.00
125358.00
125300.00
125242.00
125184.00
125126.00
125069.00
125011.00
124953.00
124895.00
124837.00
124779.00
124721.00
124663.00
124605.00
124547.00
124489.00
124431.00
124373.00
124316.00
124258.00
124200.00
124142.00
124084.00
124026.00
123968.00
123910.00
123852.00
123794.00
123736.00
123678.00
123620.00
123563.00
123505.00
123447.00
123389.00
123331.00
123273.00
123215.00
123157.00
123099.00
123041.00
122983.00
122925.00
122868.00
122810.00
122752.00
122694.00
122636.00
122578.00
122520.00
122462.00
122404.00
122346.00
122288.00
122230.00
122172.00
122115.00
122057.00
121999.00
121941.00
121883.00
121825.00
121767.00
121709.00
121651.00
121593.00
121535.00
121477.00
121419.00
121362.00
121304.00
121246.00
121188.00
121130.00
121072.00
121014.00
120956.00
120898.00
120840.00
120782.00
120724.00
120666.00
120609.00
120551.00
120493.00
120435.00
120377.00
120319.00
120261.00
120203.00
120145.00
120087.00
120029.00
119971.00
119913.00
119856.00
119798.00
119740.00
119682.00
119624.00
119566.00
119508.00
119450.00
119392.00
119334.00
119276.00
119218.00
119160.00
119103.00
119045.00
118987.00
118929.00
118871.00
118813.00
118755.00
118697.00
118639.00
118581.00
118523.00
118465.00
118407.00
118350.00
118292.00
118234.00
118176.00
118118.00
118060.00
118002.00
117944.00
117886.00
117828.00
117770.00
117712.00
117654.00
117597.00
117539.00
117481.00
117423.00
117365.00
117307.00
117249.00
117191.00
117133.00
117075.00
117017.00
116959.00
116901.00
116844.00
116786.00
116728.00
116670.00
116612.00
116554.00
116496.00
116438.00
116380.00
116322.00
116264.00
116206.00
116148.00
116091.00
116033.00
115975.00
115917.00
115859.00
115801.00
115743.00
115685.00
115627.00
115569.00
115511.00
115453.00
115395.00
115338.00
115280.00
115222.00
115164.00
115106.00
115048.00
114990.00
114932.00
114874.00
114816.00
114758.00
114700.00
114642.00
114585.00
114527.00
114469.00
114411.00
114353.00
114295.00
114237.00
114179.00
114121.00
114063.00
114005.00
113947.00
113889.00
113832.00
113774.00
113716.00
113658.00
113600.00
113542.00
113484.00
113426.00
113368.00
113310.00
113252.00
113194.00
113136.00
113079.00
113021.00
112963.00
112905.00
112847.00
112789.00
112731.00
112673.00
112615.00
112557.00
112499.00
112441.00
112383.00
112326.00
112268.00
112210.00
112152.00
112094.00
112036.00
111978.00
111920.00
111862.00
111804.00
111746.00
111688.00
111630.00
111573.00
111515.00
111457.00
111399.00
111341.00
111283.00
111225.00
111167.00
111109.00
111051.00
110993.00
110935.00
110877.00
110820.00
110762.00
110704.00
110646.00
110588.00
110530.00
110472.00
110414.00
110356.00
110298.00
110240.00
110182.00
110124.00
110067.00
110009.00
109951.00
109893.00
109835.00
109777.00
109719.00
109661.00
109603.00
109545.00
109487.00
109429.00
109371.00
109314.00
109256.00
109198.00
109140.00
109082.00
109024.00
108966.00
108908.00
108850.00
108792.00
108734.00
108676.00
108618.00
108561.00
108503.00
108445.00
108387.00
108329.00
108271.00
108213.00
108155.00
108097.00
108039.00
107981.00
107923.00
107865.00
107808.00
107750.00
107692.00
107634.00
107576.00
107518.00
107460.00
107402.00
107344.00
107286.00
107228.00
107170.00
107112.00
107055.00
106997.00
106939.00
106881.00
106823.00
106765.00
106707.00
106649.00
106591.00
106533.00
106475.00
106417.00
106359.00
106302.00
106244.00
106186.00
106128.00
106070.00
106012.00
105954.00
105896.00
105838.00
105780.00
105722.00
105664.00
105606.00
105549.00
105491.00
105433.00
105375.00
105317.00
105259.00
105201.00
105143.00
105085.00
105027.00
104969.00
104911.00
104853.00
104796.00
104738.00
104680.00
104622.00
104564.00
104506.00
104448.00
104390.00
104332.00
104274.00
104216.00
104158.00
104100.00
104043.00
103985.00
103927.00
103869.00
103811.00
103753.00
103695.00
103637.00
103579.00
103521.00
103463.00
103405.00
103347.00
103290.00
103232.00
103174.00
103116.00
103058.00
103000.00
102942.00
102884.00
102826.00
102768.00
102710.00
102652.00
102594.00
102537.00
102479.00
102421.00
102363.00
102305.00
102247.00
102189.00
102131.00
102073.00
102015.00
101957.00
101899.00
101841.00
101784.00
101726.00
101668.00
101610.00
101552.00
101494.00
101436.00
101378.00
101320.00
101262.00
101204.00
101146.00
101088.00
101031.00
100973.00
100915.00
100857.00
100799.00
100741.00
100683.00
100625.00
100567.00
100509.00
100451.00
100393.00
100335.00
100278.00
100220.00
100162.00
100104.00
100046.00
99987.90
99930.00
99872.10
99814.20
99756.20
99698.30
99640.40
99582.50
99524.60
99466.60
99408.70
99350.80
99292.90
99234.90
99177.00
99119.10
99061.20
99003.20
98945.30
98887.40
98829.50
98771.60
98713.60
98655.70
98597.80
98539.90
98481.90
98424.00
98366.10
98308.20
98250.30
98192.30
98134.40
98076.50
98018.60
97960.60
97902.70
97844.80
97786.90
97728.90
97671.00
97613.10
97555.20
97497.30
97439.30
97381.40
97323.50
97265.60
97207.60
97149.70
97091.80
97033.90
96975.90
96918.00
96860.10
96802.20
96744.30
96686.30
96628.40
96570.50
96512.60
96454.60
96396.70
96338.80
96280.90
96222.90
96165.00
96107.10
96049.20
95991.30
95933.30
95875.40
95817.50
95759.60
95701.60
95643.70
95585.80
95527.90
95469.90
95412.00
95354.10
95296.20
95238.30
95180.30
95122.40
95064.50
95006.60
94948.60
94890.70
94832.80
94774.90
94717.00
94659.00
94601.10
94543.20
94485.30
94427.30
94369.40
94311.50
94253.60
94195.60
94137.70
94079.80
94021.90
93964.00
93906.00
93848.10
93790.20
93732.30
93674.30
93616.40
93558.50
93500.60
93442.60
93384.70
93326.80
93268.90
93211.00
93153.00
93095.10
93037.20
92979.30
92921.30
92863.40
92805.50
92747.60
92689.60
92631.70
92573.80
92515.90
92458.00
92400.00
92342.10
92284.20
92226.30
92168.30
92110.40
92052.50
91994.60
91936.60
91878.70
91820.80
91762.90
91705.00
91647.00
91589.10
91531.20
91473.30
91415.30
91357.40
91299.50
91241.60
91183.70
91125.70
91067.80
91009.90
90952.00
90894.00
90836.10
90778.20
90720.30
90662.30
90604.40
90546.50
90488.60
90430.70
90372.70
90314.80
90256.90
90199.00
90141.00
90083.10
90025.20
89967.30
89909.30
89851.40
89793.50
89735.60
89677.70
89619.70
89561.80
89503.90
89446.00
89388.00
89330.10
89272.20
89214.30
89156.30
89098.40
89040.50
88982.60
88924.70
88866.70
88808.80
88750.90
88693.00
88635.00
88577.10
88519.20
88461.30
88403.40
88345.40
88287.50
88229.60
88171.70
88113.70
88055.80
87997.90
87940.00
87882.00
87824.10
87766.20
87708.30
87650.40
87592.40
87534.50
87476.60
87418.70
87360.70
87302.80
87244.90
87187.00
87129.00
87071.10
87013.20
86955.30
86897.40
86839.40
86781.50
86723.60
86665.70
86607.70
86549.80
86491.90
86434.00
86376.00
86318.10
86260.20
86202.30
86144.40
86086.40
86028.50
85970.60
85912.70
85854.70
85796.80
85738.90
85681.00
85623.00
85565.10
85507.20
85449.30
85391.40
85333.40
85275.50
85217.60
85159.70
85101.70
85043.80
84985.90
84928.00
84870.10
84812.10
84754.20
84696.30
84638.40
84580.40
84522.50
84464.60
84406.70
84348.70
84290.80
84232.90
84175.00
84117.10
84059.10
84001.20
83943.30
83885.40
83827.40
83769.50
83711.60
83653.70
83595.70
83537.80
83479.90
83422.00
83364.10
83306.10
83248.20
83190.30
83132.40
83074.40
83016.50
82958.60
82900.70
82842.70
82784.80
82726.90
82669.00
82611.10
82553.10
82495.20
82437.30
82379.40
82321.40
82263.50
82205.60
82147.70
82089.70
82031.80
81973.90
81916.00
81858.10
81800.10
81742.20
81684.30
81626.40
81568.40
81510.50
81452.60
81394.70
81336.80
81278.80
81220.90
81163.00
81105.10
81047.10
80989.20
80931.30
80873.40
80815.40
80757.50
80699.60
80641.70
80583.80
80525.80
80467.90
80410.00
80352.10
80294.10
80236.20
80178.30
80120.40
80062.40
80004.50
79946.60
79888.70
79830.80
79772.80
79714.90
79657.00
79599.10
79541.10
79483.20
79425.30
79367.40
79309.40
79251.50
79193.60
79135.70
79077.80
79019.80
78961.90
78904.00
78846.10
78788.10
78730.20
78672.30
78614.40
78556.50
78498.50
78440.60
78382.70
78324.80
78266.80
78208.90
78151.00
78093.10
78035.10
77977.20
77919.30
77861.40
77803.50
77745.50
77687.60
77629.70
77571.80
77513.80
77455.90
77398.00
77340.10
77282.10
77224.20
77166.30
77108.40
77050.50
76992.50
76934.60
76876.70
76818.80
76760.80
76702.90
76645.00
76587.10
76529.10
76471.20
76413.30
76355.40
76297.50
76239.50
76181.60
76123.70
76065.80
76007.80
75949.90
75892.00
75834.10
75776.10
75718.20
75660.30
75602.40
75544.50
14400.00
14400.00
14400.00
14400.00
14400.00
14400.00
14400.00
14400.00
14400.00
14400.00
14400.00
14400.00
14400.00
14400.00
14400.00
14400.00
14400.00
14400.00
14400.00
14400.00
14400.00
14400.00
14400.00
14400.00
14400.00
14400.00
14400.00
14400.00
14400.00
14400.00
14400.00
14400.00
14400.00
14400.00
14400.00
14400.00
14400.00
14400.00
14400.00
14400.00
14400.00
14400.00
14400.00
14400.00
14400.00
14400.00
14400.00
14400.00
14400.00
14400.00
14400.00
14400.00
14400.00
14400.00
14400.00
14400.00
14400.00
14400.00
14400.00
14400.00
14400.00
14400.00
14400.00
14400.00
14400.00
14400.00
14400.00
14400.00
14400.00
14400.00
14400.00
14400.00
14400.00
14400.00
14400.00
14400.00
14400.00
14400.00
14400.00
14400.00
14400.00
14400.00
14400.00
14400.00
14400.00
14400.00
14400.00
14400.00
14400.00
14400.00
14400.00
14400.00
14400.00
14400.00
14400.00
14400.00
14400.00
14400.00
14400.00
14400.00
14400.00
14400.00
14400.00
14400.00
14400.00
14400.00
14400.00
14400.00
14400.00
14400.00
14400.00
14400.00
14400.00
14400.00
14400.00
14400.00
14400.00
14400.00
14400.00
14400.00
14400.00
14400.00
14400.00
14400.00
14400.00
14400.00
14400.00
14400.00
14400.00
14400.00
14400.00
14400.00
14400.00
14400.00
14400.00
14400.00
14400.00
14400.00
14400.00
14400.00
14400.00
14400.00
14400.00
14400.00
14400.00
14400.00
14400.00
14400.00
14400.00
14400.00
14400.00
14400.00
14400.00
14400.00
14400.00
14400.00
14400.00
14400.00
14400.00
14400.00
14400.00
14400.00
14400.00
14400.00
14400.00
14400.00
14400.00
14400.00
14400.00
14400.00
14400.00
14400.00
14400.00
14400.00
14400.00
14400.00
14400.00
14400.00
14400.00
14400.00
14400.00
14400.00
14400.00
14400.00
14400.00
14400.00
14400.00
14400.00
14400.00
14400.00
14400.00
14400.00
14400.00
14400.00
14400.00
14400.00
14400.00
14400.00
14400.00
14400.00
14400.00
14400.00
14400.00
14400.00
14400.00
14400.00
14400.00
14400.00
14400.00
14400.00
14400.00
14400.00
14400.00
14400.00
14400.00
14400.00
14400.00
14400.00
14400.00
14400.00
14400.00
14400.00
14400.00
14400.00
14400.00
14400.00
14400.00
14400.00
14400.00
14400.00
14400.00
14400.00
14400.00
14400.00
14400.00
14400.00
14400.00
14400.00
14400.00
14400.00
14400.00
14400.00
14400.00
14400.00
14400.00
14400.00
14400.00
14400.00
14400.00
14400.00
14400.00
14400.00
14400.00
14400.00
14400.00
14400.00
14400.00
14400.00
14400.00
14400.00
14400.00
14400.00
14400.00
14400.00
14400.00
14400.00
14400.00
14400.00
14400.00
14400.00
14400.00
14400.00
14400.00
14400.00
14400.00
14400.00
14400.00
14400.00
14400.00
14400.00
14400.00
14400.00
14400.00
14400.00
14400.00
14400.00
14400.00
14400.00
14400.00
14400.00
14400.00
14400.00
14400.00
14400.00
14400.00
14400.00
14400.00
14400.00
14400.00
14400.00
14400.00
14400.00
14400.00
14400.00
14400.00
14400.00
14400.00
14400.00
14400.00
14400.00
14400.00
14400.00
14400.00
14400.00
14400.00
14400.00
14400.00
14400.00
14400.00
14400.00
14400.00
14400.00
14400.00
14400.00
14400.00
14400.00
14400.00
14400.00
14400.00
14400.00
14400.00
14400.00
14400.00
14400.00
14400.00
14400.00
14400.00
14400.00
14400.00
14400.00
14400.00
14400.00
14400.00
14400.00
14400.00
14400.00
14400.00
14400.00
14400.00
14400.00
14400.00
14400.00
14400.00
14400.00
14400.00
14400.00
14400.00
14400.00
14400.00
14400.00
14400.00
14400.00
14400.00
14400.00
14400.00
14400.00
14400.00
14400.00
14400.00
14400.00
14400.00
14400.00
14400.00
14400.00
14400.00
14400.00
14400.00
14400.00
14400.00
14400.00
14400.00
14400.00
14400.00
14400.00
14400.00
14400.00
14400.00
14400.00
14400.00
14400.00
14400.00
14400.00
14400.00
14400.00
14400.00
14400.00
14400.00
14400.00
14400.00
14400.00
14400.00
14400.00
14400.00
14400.00
14400.00
14400.00
14400.00
14400.00
14400.00
14400.00
14400.00
14400.00
14400.00
14400.00
14400.00
14400.00
14400.00
14400.00
14400.00
14400.00
14400.00
14400.00
14400.00
14400.00
14400.00
14400.00
14400.00
14400.00
14400.00
14400.00
14400.00
14400.00
14400.00
14400.00
14400.00
14400.00
14400.00
14400.00
14400.00
14400.00
14400.00
14400.00
14400.00
14400.00
14400.00
14400.00
14400.00
14400.00
14400.00
14400.00
14400.00
14400.00
14400.00
14400.00
14400.00
14400.00
14400.00
14400.00
14400.00
14400.00
14400.00
14400.00
14400.00
14400.00
14400.00
14400.00
14400.00
14400.00
14400.00
14400.00
14400.00
14400.00
14400.00
14400.00
14400.00
14400.00
14400.00
14400.00
14400.00
14400.00
14400.00
14400.00
14400.00
14400.00
14400.00
14400.00
14400.00
14400.00
14400.00
14400.00
14400.00
14400.00
14400.00
14400.00
14400.00
14400.00
14400.00
14400.00
14400.00
14400.00
14400.00
14400.00
14400.00
14400.00
14400.00
14400.00
14400.00
14400.00
14400.00
14400.00
14400.00
14400.00
14400.00
14400.00
14400.00
14400.00
14400.00
14400.00
14400.00
14400.00
14400.00
14400.00
14400.00
14400.00
14400.00
14400.00
14400.00
14400.00
14400.00
14400.00
14400.00
14400.00
14400.00
14400.00
14400.00
14400.00
14400.00
14400.00
14400.00
14400.00
14400.00
14400.00
14400.00
14400.00
14400.00
14400.00
14400.00
14400.00
14400.00
14400.00
14400.00
14400.00
14400.00
14400.00
14400.00
14400.00
14400.00
14400.00
14400.00
14400.00
14400.00
14400.00
14400.00
14400.00
14400.00
14400.00
14400.00
14400.00
14400.00
14400.00
14400.00
14400.00
14400.00
14400.00
14400.00
14400.00
14400.00
14400.00
14400.00
14400.00
14400.00
14400.00
14400.00
14400.00
14400.00
14400.00
14400.00
14400.00
14400.00
14400.00
14400.00
14400.00
14400.00
14400.00
14400.00
14400.00
14400.00
14400.00
14400.00
14400.00
14400.00
14400.00
14400.00
14400.00
14400.00
14400.00
14400.00
14400.00
14400.00
14400.00
14400.00
14400.00
14400.00
14400.00
14400.00
14400.00
14400.00
14400.00
14400.00
14400.00
14400.00
14400.00
14400.00
14400.00
14400.00
14400.00
14400.00
14400.00
14400.00
14400.00
14400.00
14400.00
14400.00
14400.00
14400.00
14400.00
14400.00
14400.00
14400.00
14400.00
14400.00
14400.00
14400.00
14400.00
14400.00
14400.00
14400.00
14400.00
14400.00
14400.00
14400.00
14400.00
14400.00
14400.00
14400.00
14400.00
14400.00
14400.00
14400.00
14400.00
14400.00
14400.00
14400.00
14400.00
14400.00
14400.00
14400.00
14400.00
14400.00
14400.00
14400.00
14400.00
14400.00
14400.00
14400.00
14400.00
14400.00
14400.00
14400.00
14400.00
14400.00
14400.00
14400.00
14400.00
14400.00
14400.00
14400.00
14400.00
14400.00
14400.00
14400.00
14400.00
14400.00
14400.00
14400.00
14400.00
14400.00
14400.00
14400.00
14400.00
14400.00
14400.00
14400.00
14400.00
14400.00
14400.00
14400.00
14400.00
14400.00
14400.00
14400.00
14400.00
14400.00
14400.00
14400.00
14400.00
14400.00
14400.00
14400.00
14400.00
14400.00
14400.00
14400.00
14400.00
14400.00
14400.00
14400.00
14400.00
14400.00
14400.00
14400.00
14400.00
14400.00
14400.00
14400.00
14400.00
14400.00
14400.00
14400.00
14400.00
14400.00
14400.00
14400.00
14400.00
14400.00
14400.00
14400.00
14400.00
14400.00
14400.00
14400.00
14400.00
14400.00
14400.00
14400.00
14400.00
14400.00
14400.00
14400.00
14400.00
14400.00
14400.00
14400.00
14400.00
14400.00
14400.00
14400.00
14400.00
14400.00
14400.00
14400.00
14400.00
14400.00
14400.00
14400.00
14400.00
14400.00
14400.00
14400.00
14400.00
14400.00
14400.00
14400.00
14400.00
14400.00
14400.00
14400.00
14400.00
14400.00
14400.00
14400.00
14400.00
14400.00
14400.00
14400.00
14400.00
14400.00
14400.00
14400.00
14400.00
14400.00
14400.00
14400.00
14400.00
14400.00
14400.00
14400.00
14400.00
14400.00
14400.00
14400.00
14400.00
14400.00
14400.00
14400.00
14400.00
14400.00
14400.00
14400.00
14400.00
14400.00
14400.00
14400.00
14400.00
14400.00
14400.00
14400.00
14400.00
14400.00
14400.00
14400.00
14400.00
14400.00
14400.00
14400.00
14400.00
14400.00
14400.00
14400.00
14400.00
14400.00
14400.00
14400.00
14400.00
14400.00
14400.00
14400.00
14400.00
14400.00
14400.00
14400.00
14400.00
14400.00
14400.00
14400.00
14400.00
14400.00
14400.00
14400.00
14400.00
14400.00
14400.00
14400.00
14400.00
14400.00
14400.00
14400.00
14400.00
14400.00
14400.00
14400.00
14400.00
14400.00
14400.00
14400.00
14400.00
14400.00
14400.00
14400.00
14400.00
14400.00
14400.00
14400.00
14400.00
14400.00
14400.00
14400.00
14400.00
14400.00
14400.00
14400.00
14400.00
14400.00
14400.00
14400.00
14400.00
14400.00
14400.00
14400.00
14400.00
14400.00
14400.00
14400.00
14400.00
14400.00
14400.00
14400.00
14400.00
14400.00
14400.00
14400.00
14400.00
14400.00
14400.00
14400.00
14400.00
14400.00
14400.00
14400.00
14400.00
14400.00
14400.00
14400.00
14400.00
14400.00
14400.00
14400.00
14400.00
14400.00
14400.00
14400.00
14400.00
14400.00
14400.00
14400.00
14400.00
14400.00
14400.00
14400.00
14400.00
14400.00
14400.00
14400.00
14400.00
14400.00
14400.00
14400.00
14400.00
14400.00
14400.00
14400.00
14400.00
14400.00
14400.00
14400.00
14400.00
14400.00
14400.00
14400.00
14400.00
14400.00
14400.00
14400.00
14400.00
14400.00
14400.00
14400.00
14400.00
14400.00
14400.00
14400.00
14400.00
14400.00
14400.00
14400.00
14400.00
14400.00
14400.00
14400.00
14400.00
14400.00
14400.00
14400.00
14400.00
14400.00
14400.00
14400.00
14400.00
14400.00
14400.00
14400.00
14400.00
14400.00
14400.00
14400.00
14400.00
14400.00
14400.00
14400.00
14400.00
14400.00
14400.00
14400.00
14400.00
14400.00
14400.00
14400.00
14400.00
14400.00
14400.00
14400.00
14400.00
14400.00
14400.00
14400.00
14400.00
14400.00
14400.00
14400.00
14400.00
14400.00
14400.00
14400.00
14400.00
14400.00
14400.00
14400.00
14400.00
14400.00
14400.00
14400.00
14400.00
14400.00
14400.00
14400.00
14400.00
14400.00
14400.00
14400.00
14400.00
14400.00
14400.00
14400.00
14400.00
14400.00
14400.00
14400.00
14400.00
14400.00
14400.00
14400.00
14400.00
14400.00
14400.00
14400.00
14400.00
14400.00
14400.00
14400.00
14400.00
14400.00
14400.00
14400.00
14400.00
14400.00
14400.00
14400.00
14400.00
14400.00
14400.00
14400.00
14400.00
14400.00
14400.00
14400.00
14400.00
14400.00
14400.00
14400.00
14400.00
14400.00
14400.00
14400.00
14400.00
14400.00
14400.00
14400.00
14400.00
14400.00
14400.00
14400.00
14400.00
14400.00
14400.00
14400.00
14400.00
14400.00
14400.00
14400.00
14400.00
14400.00
14400.00
14400.00
14400.00
14400.00
14400.00
14400.00
14400.00
14400.00
14400.00
14400.00
14400.00
14400.00
14400.00
14400.00
14400.00
14400.00
14400.00
14400.00
14400.00
14400.00
14400.00
14400.00
14400.00
14400.00
14400.00
14400.00
14400.00
14400.00
14400.00
14400.00
14400.00
14400.00
14400.00
14400.00
14400.00
14400.00
14400.00
14400.00
14400.00
14400.00
14400.00
14400.00
14400.00
14400.00
14400.00
14400.00
14400.00
14400.00
14400.00
14400.00
14400.00
14400.00
14400.00
14400.00
14400.00
14400.00
14400.00
14400.00
14400.00
14400.00
14400.00
14400.00
14400.00
14400.00
14400.00
14400.00
14400.00
14400.00
14400.00
14400.00
14400.00
14400.00
14400.00
14400.00
14400.00
14400.00
14400.00
14400.00
14400.00
14400.00
14400.00
14400.00
14400.00
14400.00
14400.00
14400.00
14400.00
14400.00
14400.00
14400.00
14400.00
14400.00
14400.00
14400.00
14400.00
14400.00
14400.00
14400.00
14400.00
14400.00
14400.00
14400.00
14400.00
14400.00
14400.00
14400.00
14400.00
14400.00
14400.00
14400.00
14400.00
14400.00
14400.00
14400.00
14400.00
14400.00
14400.00
14400.00
14400.00
14400.00
14400.00
14400.00
14400.00
14400.00
14400.00
14400.00
14400.00
14400.00
14400.00
14400.00
14400.00
14400.00
14400.00
14400.00
14400.00
14400.00
14400.00
14400.00
14400.00
14400.00
14400.00
14400.00
14400.00
14400.00
14400.00
14400.00
14400.00
14400.00
14400.00
14400.00
14400.00
14400.00
14400.00
14400.00
14400.00
14400.00
14400.00
14400.00
14400.00
14400.00
14400.00
14400.00
14400.00
14400.00
14400.00
14400.00
14400.00
14400.00
14400.00
14400.00
14400.00
14400.00
14400.00
14400.00
14400.00
14400.00
14400.00
14400.00
14400.00
14400.00
14400.00
14400.00
14400.00
14400.00
14400.00
14400.00
14400.00
14400.00
14400.00
14400.00
14400.00
14400.00
14400.00
14400.00
14400.00
14400.00
14400.00
14400.00
14400.00
14400.00
14400.00
14400.00
14400.00
14400.00
14400.00
14400.00
14400.00
14400.00
14400.00
14400.00
14400.00
14400.00
14400.00
14400.00
14400.00
14400.00
14400.00
14400.00
14400.00
14400.00
14400.00
14400.00
14400.00
14400.00
14400.00
14400.00
14400.00
14400.00
14400.00
14400.00
14400.00
14400.00
14400.00
14400.00
14400.00
14400.00
14400.00
14400.00
14400.00
14400.00
14400.00
14400.00
14400.00
14400.00
14400.00
14400.00
14400.00
14400.00
14400.00
14400.00
14400.00
14400.00
14400.00
14400.00
14400.00
14400.00
14400.00
14400.00
14400.00
14400.00
14400.00
14400.00
14400.00
14400.00
14400.00
14400.00
14400.00
14400.00
14400.00
14400.00
14400.00
14400.00
14400.00
14400.00
14400.00
14400.00
14400.00
14400.00
14400.00
14400.00
14400.00
14400.00
14400.00
14400.00
14400.00
14400.00
14400.00
14400.00
14400.00
14400.00
14400.00
14400.00
14400.00
14400.00
14400.00
14400.00
14400.00
14400.00
14400.00
14400.00
14400.00
14400.00
14400.00
14400.00
14400.00
14400.00
14400.00
14400.00
14400.00
14400.00
14400.00
14400.00
14400.00
14400.00
14400.00
14400.00
14400.00
14400.00
14400.00
14400.00
14400.00
14400.00
14400.00
14400.00
14400.00
14400.00
14400.00
14400.00
14400.00
14400.00
14400.00
14400.00
14400.00
14400.00
14400.00
14400.00
14400.00
14400.00
14400.00
14400.00
14400.00
14400.00
14400.00
14400.00
14400.00
14400.00
14400.00
14400.00
14400.00
14400.00
14400.00
14400.00
14400.00
14400.00
14400.00
14400.00
14400.00
14400.00
14400.00
14400.00
14400.00
14400.00
14400.00
14400.00
14400.00
14400.00
14400.00
14400.00
14400.00
14400.00
14400.00
14400.00
14400.00
14400.00
14400.00
14400.00
14400.00
14400.00
14400.00
14400.00
14400.00
14400.00
14400.00
14400.00
14400.00
14400.00
14400.00
14400.00
14400.00
14400.00
14400.00
14400.00
14400.00
14400.00
14400.00
14400.00
14400.00
14400.00
14400.00
14400.00
14400.00
14400.00
14400.00
14400.00
14400.00
14400.00
14400.00
14400.00
14400.00
14400.00
14400.00
14400.00
14400.00
14400.00
14400.00
14400.00
14400.00
14400.00
14400.00
14400.00
14400.00
14400.00
14400.00
14400.00
14400.00
14400.00
14400.00
14400.00
14400.00
14400.00
14400.00
14400.00
14400.00
14400.00
14400.00
14400.00
14400.00
14400.00
14400.00
14400.00
14400.00
14400.00
14400.00
14400.00
14400.00
14400.00
14400.00
14400.00
14400.00
14400.00
14400.00
14400.00
14400.00
14400.00
14400.00
14400.00
14400.00
14400.00
14400.00
14400.00
14400.00
14400.00
14400.00
14400.00
14400.00
14400.00
14400.00
14400.00
14400.00
14400.00
14400.00
14400.00
14400.00
14400.00
14400.00
14400.00
14400.00
14400.00
14400.00
14400.00
14400.00
14400.00
14400.00
14400.00
14400.00
14400.00
14400.00
14400.00
14400.00
14400.00
14400.00
14400.00
14400.00
14400.00
14400.00
14400.00
14400.00
14400.00
14400.00
14400.00
14400.00
14400.00
14400.00
14400.00
14400.00
14400.00
14400.00
14400.00
14400.00
14400.00
14400.00
14400.00
14400.00
14400.00
14400.00
14400.00
14400.00
14400.00
14400.00
14400.00
14400.00
14400.00
14400.00
14400.00
14400.00
14400.00
14400.00
14400.00
14400.00
14400.00
14400.00
14400.00
14400.00
14400.00
14400.00
14400.00
14400.00
14400.00
14400.00
14400.00
14400.00
14400.00
14400.00
14400.00
14400.00
14400.00
14400.00
14400.00
14400.00
14400.00
14400.00
14400.00
14400.00
14400.00
14400.00
14400.00
14400.00
14400.00
14400.00
14400.00
14400.00
14400.00
14400.00
14400.00
14400.00
14400.00
14400.00
14400.00
14400.00
14400.00
14400.00
14400.00
14400.00
14400.00
14400.00
14400.00
14400.00
14400.00
14400.00
14400.00
14400.00
14400.00
14400.00
14400.00
14400.00
14400.00
14400.00
14400.00
14400.00
14400.00
14400.00
14400.00
14400.00
14400.00
14400.00
14400.00
14400.00
14400.00
14400.00
14400.00
14400.00
14400.00
14400.00
14400.00
14400.00
14400.00
14400.00
14400.00
14400.00
14400.00
14400.00
14400.00
14400.00
14400.00
14400.00
14400.00
14400.00
14400.00
14400.00
14400.00
14400.00
14400.00
14400.00
14400.00
14400.00
14400.00
14400.00
14400.00
14400.00
14400.00
14400.00
14400.00
14400.00
14400.00
14400.00
14400.00
14400.00
14400.00
14400.00
14400.00
14400.00
14400.00
14400.00
14400.00
14400.00
14400.00
14400.00
14400.00
14400.00
14400.00
14400.00
14400.00
14400.00
14400.00
14400.00
14400.00
14400.00
14400.00
14400.00
14400.00
14400.00
14400.00
14400.00
14400.00
14400.00
14400.00
14400.00
14400.00
14400.00
14400.00
14400.00
14400.00
14400.00
14400.00
14400.00
14400.00
14400.00
14400.00
14400.00
14400.00
14400.00
14400.00
14400.00
14400.00
14400.00
14400.00
14400.00
14400.00
14400.00
14400.00
14400.00
14400.00
14400.00
14400.00
14400.00
14400.00
14400.00
14400.00
14400.00
14400.00
14400.00
14400.00
14400.00
14400.00
14400.00
14400.00
14400.00
14400.00
14400.00
14400.00
14400.00
14400.00
14400.00
14400.00
14400.00
14400.00
14400.00
14400.00
14400.00
14400.00
14400.00
14400.00
14400.00
14400.00
14400.00
14400.00
14400.00
14400.00
14400.00
14400.00
14400.00
14400.00
14400.00
14400.00
14400.00
14400.00
14400.00
14400.00
14400.00
14400.00
14400.00
14400.00
14400.00
14400.00
14400.00
14400.00
14400.00
14400.00
14400.00
14400.00
14400.00
14400.00
14400.00
14400.00
14400.00
14400.00
14400.00
14400.00
14400.00
14400.00
14400.00
14400.00
14400.00
14400.00
14400.00
14400.00
14400.00
14400.00
14400.00
14400.00
14400.00
14400.00
14400.00
14400.00
14400.00
14400.00
14400.00
14400.00
14400.00
14400.00
14400.00
14400.00
14400.00
14400.00
14400.00
14400.00
14400.00
14400.00
14400.00
14400.00
14400.00
14400.00
14400.00
14400.00
14400.00
14400.00
14400.00
14400.00
14400.00
14400.00
14400.00
14400.00
14400.00
14400.00
14400.00
14400.00
14400.00
14400.00
14400.00
14400.00
14400.00
14400.00
14400.00
14400.00
14400.00
14400.00
14400.00
14400.00
14400.00
14400.00
14400.00
14400.00
14400.00
14400.00
14400.00
14400.00
14400.00
14400.00
14400.00
14400.00
14400.00
14400.00
14400.00
14400.00
14400.00
14400.00
14400.00
14400.00
14400.00
14400.00
14400.00
14400.00
14400.00
14400.00
14400.00
14400.00
14400.00
14400.00
14400.00
14400.00
14400.00
14400.00
14400.00
14400.00
14400.00
14400.00
14400.00
14400.00
14400.00
14400.00
14400.00
14400.00
14400.00
14400.00
14400.00
14400.00
14400.00
14400.00
14400.00
14400.00
14400.00
14400.00
14400.00
14400.00
14400.00
14400.00
14400.00
14400.00
14400.00
14400.00
14400.00
14400.00
14400.00
14400.00
14400.00
14400.00
14400.00
14400.00
14400.00
14400.00
14400.00
14400.00
14400.00
14400.00
14400.00
14400.00
14400.00
14400.00
14400.00
14400.00
14400.00
14400.00
14400.00
14400.00
14400.00
14400.00
14400.00
14400.00
14400.00
14400.00
14400.00
14400.00
14400.00
14400.00
14400.00
14400.00
14400.00
14400.00
14400.00
14400.00
14400.00
14400.00
14400.00
14400.00
14400.00
14400.00
14400.00
14400.00
14400.00
14400.00
14400.00
14400.00
14400.00
14400.00
14400.00
14400.00
14400.00
14400.00
14400.00
14400.00
14400.00
14400.00
14400.00
14400.00
14400.00
14400.00
14400.00
14400.00
14400.00
14400.00
14400.00
14400.00
14400.00
14400.00
14400.00
14400.00
14400.00
14400.00
14400.00
14400.00
14400.00
14400.00
14400.00
14400.00
14400.00
14400.00
14400.00
14400.00
14400.00
14400.00
14400.00
14400.00
14400.00
14400.00
14400.00
14400.00
14400.00
14400.00
14400.00
14400.00
14400.00
14400.00
14400.00
14400.00
14400.00
14400.00
14400.00
14400.00
14400.00
14400.00
14400.00
14400.00
14400.00
14400.00
14400.00
14400.00
14400.00
14400.00
14400.00
14400.00
14400.00
14400.00
14400.00
14400.00
14400.00
14400.00
14400.00
14400.00
14400.00
14400.00
14400.00
14400.00
14400.00
14400.00
14400.00
14400.00
14400.00
14400.00
14400.00
14400.00
14400.00
14400.00
14400.00
14400.00
14400.00
14400.00
14400.00
14400.00
14400.00
14400.00
14400.00
14400.00
14400.00
14400.00
14400.00
14400.00
14400.00
14400.00
14400.00
14400.00
14400.00
14400.00
14400.00
14400.00
14400.00
14400.00
14400.00
14400.00
14400.00
14400.00
14400.00
14400.00
14400.00
14400.00
14400.00
14400.00
14400.00
14400.00
14400.00
14400.00
14400.00
14400.00
14400.00
14400.00
14400.00
14400.00
14400.00
14400.00
14400.00
14400.00
14400.00
14400.00
14400.00
14400.00
14400.00
14400.00
14400.00
14400.00
14400.00
14400.00
14400.00
14400.00
14400.00
14400.00
14400.00
14400.00
14400.00
14400.00
14400.00
14400.00
14400.00
14400.00
14400.00
14400.00
14400.00
14400.00
14400.00
14400.00
14400.00
14400.00
14400.00
14400.00
14400.00
14400.00
14400.00
14400.00
14400.00
14400.00
14400.00
14400.00
14400.00
14400.00
14400.00
14400.00
14400.00
14400.00
14400.00
14400.00
14400.00
14400.00
14400.00
14400.00
14400.00
14400.00
14400.00
14400.00
14400.00
14400.00
14400.00
14400.00
14400.00
14400.00
14400.00
14400.00
14400.00
14400.00
14400.00
14400.00
14400.00
14400.00
14400.00
14400.00
14400.00
14400.00
14400.00
14400.00
14400.00
14400.00
14400.00
14400.00
14400.00
14400.00
14400.00
14400.00
14400.00
14400.00
14400.00
14400.00
14400.00
14400.00
14400.00
14400.00
14400.00
14400.00
14400.00
14400.00
14400.00
14400.00
14400.00
14400.00
14400.00
14400.00
14400.00
14400.00
14400.00
14400.00
14400.00
14400.00
14400.00
14400.00
14400.00
14400.00
14400.00
14400.00
14400.00
14400.00
14400.00
14400.00
14400.00
14400.00
14400.00
14400.00
14400.00
14400.00
14400.00
14400.00
14400.00
14400.00
14400.00
14400.00
14400.00
14400.00
14400.00
14400.00
14400.00
14400.00
14400.00
14400.00
14400.00
14400.00
14400.00
14400.00
14400.00
14400.00
14400.00
14400.00
14400.00
14400.00
14400.00
14400.00
14400.00
14400.00
14400.00
14400.00
14400.00
14400.00
14400.00
14400.00
14400.00
14400.00
14400.00
14400.00
14400.00
14400.00
14400.00
14400.00
14400.00
14400.00
14400.00
14400.00
14400.00
14400.00
14400.00
14400.00
14400.00
14400.00
14400.00
14400.00
14400.00
14400.00
14400.00
14400.00
14400.00
14400.00
14400.00
14400.00
14400.00
14400.00
14400.00
14400.00
14400.00
14400.00
14400.00
14400.00
14400.00
14400.00
14400.00
14400.00
14400.00
14400.00
14400.00
14400.00
14400.00
14400.00
14400.00
14400.00
14400.00
14400.00
14400.00
14400.00
14400.00
14400.00
14400.00
14400.00
14400.00
14400.00
14400.00
14400.00
14400.00
14400.00
14400.00
14400.00
14400.00
14400.00
14400.00
14400.00
14400.00
14400.00
14400.00
14400.00
14400.00
14400.00
14400.00
14400.00
14400.00
14400.00
14400.00
14400.00
14400.00
14400.00
14400.00
14400.00
14400.00
14400.00
14400.00
14400.00
14400.00
14400.00
14400.00
14400.00
14400.00
14400.00
14400.00
14400.00
14400.00
14400.00
14400.00
14400.00
14400.00
14400.00
14400.00
14400.00
14400.00
14400.00
14400.00
14400.00
14400.00
14400.00
14400.00
14400.00
14400.00
14400.00
14400.00
14400.00
14400.00
14400.00
14400.00
14400.00
14400.00
14400.00
14400.00
14400.00
14400.00
14400.00
14400.00
14400.00
14400.00
14400.00
14400.00
14400.00
14400.00
14400.00
14400.00
14400.00
14400.00
14400.00
14400.00
14400.00
14400.00
14400.00
14400.00
14400.00
14400.00
14400.00
14400.00
14400.00
14400.00
14400.00
14400.00
14400.00
14400.00
14400.00
14400.00
14400.00
14400.00
14400.00
14400.00
14400.00
14400.00
14400.00
14400.00
14400.00
14400.00
14400.00
14400.00
14400.00
14400.00
14400.00
14400.00
14400.00
14400.00
14400.00
14400.00
14400.00
14400.00
14400.00
14400.00
14400.00
14400.00
14400.00
14400.00
14400.00
14400.00
14400.00
14400.00
14400.00
14400.00
14400.00
14400.00
14400.00
14400.00
14400.00
14400.00
14400.00
14400.00
14400.00
14400.00
14400.00
14400.00
14400.00
14400.00
14400.00
14400.00
14400.00
14400.00
14400.00
14400.00
14400.00
14400.00
14400.00
14400.00
14400.00
14400.00
14400.00
14400.00
14400.00
14400.00
14400.00
14400.00
14400.00
14400.00
14400.00
14400.00
14400.00
14400.00
14400.00
14400.00
14400.00
14400.00
14400.00
14400.00
14400.00
14400.00
14400.00
14400.00
14400.00
14400.00
14400.00
14400.00
14400.00
14400.00
14400.00
14400.00
14400.00
14400.00
14400.00
14400.00
14400.00
14400.00
14400.00
14400.00
14400.00
14400.00
14400.00
14400.00
14400.00
14400.00
14400.00
14400.00
14400.00
14400.00
14400.00
14400.00
14400.00
14400.00
14400.00
14400.00
14400.00
14400.00
14400.00
14400.00
14400.00
14400.00
14400.00
14400.00
14400.00
14400.00
14400.00
14400.00
14400.00
14400.00
14400.00
14400.00
14400.00
14400.00
14400.00
14400.00
14400.00
14400.00
14400.00
14400.00
14400.00
14400.00
14400.00
14400.00
14400.00
14400.00
14400.00
14400.00
14400.00
14400.00
14400.00
14400.00
14400.00
14400.00
14400.00
14400.00
14400.00
14400.00
14400.00
14400.00
14400.00
14400.00
14400.00
14400.00
14400.00
14400.00
14400.00
14400.00
14400.00
14400.00
14400.00
14400.00
14400.00
14400.00
14400.00
14400.00
14400.00
14400.00
14400.00
14400.00
14400.00
14400.00
14400.00
14400.00
14400.00
14400.00
14400.00
14400.00
14400.00
14400.00
14400.00
14400.00
14400.00
14400.00
14400.00
14400.00
14400.00
14400.00
14400.00
14400.00
14400.00
14400.00
14400.00
14400.00
14400.00
14400.00
14400.00
14400.00
14400.00
14400.00
14400.00
14400.00
14400.00
14400.00
14400.00
14400.00
14400.00
14400.00
14400.00
14400.00
14400.00
14400.00
14400.00
14400.00
14400.00
14400.00
14400.00
14400.00
14400.00
14400.00
14400.00
14400.00
14400.00
14400.00
14400.00
14400.00
14400.00
14400.00
14400.00
14400.00
14400.00
14400.00
14400.00
14400.00
14400.00
14400.00
14400.00
14400.00
14400.00
14400.00
14400.00
14400.00
14400.00
14400.00
14400.00
14400.00
14400.00
14400.00
14400.00
14400.00
14400.00
14400.00
14400.00
14400.00
14400.00
14400.00
14400.00
14400.00
14400.00
14400.00
14400.00
14400.00
14400.00
14400.00
14400.00
14400.00
14400.00
14400.00
14400.00
14400.00
14400.00
14400.00
14400.00
14400.00
14400.00
14400.00
14400.00
14400.00
14400.00
14400.00
14400.00
14400.00
14400.00
14400.00
14400.00
14400.00
14400.00
14400.00
14400.00
14400.00
14400.00
14400.00
14400.00
14400.00
14400.00
14400.00
14400.00
14400.00
14400.00
14400.00
14400.00
14400.00
14400.00
14400.00
14400.00
14400.00
14400.00
14400.00
14400.00
14400.00
14400.00
14400.00
14400.00
14400.00
14400.00
14400.00
14400.00
14400.00
14400.00
14400.00
14400.00
14400.00
14400.00
14400.00
14400.00
14400.00
14400.00
14400.00
14400.00
14400.00
14400.00
14400.00
14400.00
14400.00
14400.00
14400.00
14400.00
14400.00
14400.00
14400.00
14400.00
14400.00
14400.00
14400.00
14400.00
14400.00
14400.00
14400.00
14400.00
14400.00
14400.00
14400.00
14400.00
14400.00
14400.00
14400.00
14400.00
14400.00
14400.00
14400.00
14400.00
14400.00
14400.00
14400.00
14400.00
14400.00
14400.00
14400.00
14400.00
14400.00
14400.00
14400.00
14400.00
14400.00
14400.00
14400.00
14400.00
14400.00
14400.00
14400.00
14400.00
14400.00
14400.00
14400.00
14400.00
14400.00
14400.00
14400.00
14400.00
14400.00
14400.00
14400.00
14400.00
14400.00
14400.00
14400.00
14400.00
14400.00
14400.00
14400.00
14400.00
14400.00
14400.00
14400.00
14400.00
14400.00
14400.00
14400.00
14400.00
14400.00
14400.00
14400.00
14400.00
14400.00
14400.00
14400.00
14400.00
14400.00
14400.00
14400.00
14400.00
14400.00
14400.00
14400.00
14400.00
14400.00
14400.00
14400.00
14400.00
14400.00
14400.00
14400.00
14400.00
14400.00
14400.00
14400.00
14400.00
14400.00
14400.00
14400.00
14400.00
14400.00
14400.00
14400.00
14400.00
14400.00
14400.00
14400.00
14400.00
14400.00
14400.00
14400.00
14400.00
14400.00
14400.00
14400.00
14400.00
14400.00
14400.00
14400.00
14400.00
14400.00
14400.00
14400.00
14400.00
14400.00
14400.00
14400.00
14400.00
14400.00
14400.00
14400.00
14400.00
14400.00
14400.00
14400.00
14400.00
14400.00
14400.00
14400.00
14400.00
14400.00
14400.00
14400.00
14400.00
14400.00
14400.00
14400.00
14400.00
14400.00
14400.00
14400.00
14400.00
14400.00
14400.00
14400.00
14400.00
14400.00
14400.00
14400.00
14400.00
14400.00
14400.00
14400.00
14400.00
14400.00
14400.00
14400.00
14400.00
14400.00
14400.00
14400.00
14400.00
14400.00
14400.00
14400.00
14400.00
14400.00
14400.00
14400.00
14400.00
14400.00
14400.00
14400.00
14400.00
14400.00
14400.00
14400.00
14400.00
14400.00
14400.00
14400.00
14400.00
14400.00
14400.00
14400.00
14400.00
14400.00
14400.00
14400.00
14400.00
14400.00
14400.00
14400.00
14400.00
14400.00
14400.00
14400.00
14400.00
14400.00
14400.00
14400.00
14400.00
14400.00
14400.00
14400.00
14400.00
14400.00
14400.00
14400.00
14400.00
14400.00
14400.00
14400.00
14400.00
14400.00
14400.00
14400.00
14400.00
14400.00
14400.00
14400.00
14400.00
14400.00
14400.00
14400.00
14400.00
14400.00
14400.00
14400.00
14400.00
14400.00
14400.00
14400.00
14400.00
14400.00
14400.00
14400.00
14400.00
14400.00
14400.00
14400.00
14400.00
14400.00
14400.00
14400.00
14400.00
14400.00
14400.00
14400.00
14400.00
14400.00
14400.00
14400.00
14400.00
14400.00
14400.00
14400.00
14400.00
14400.00
14400.00
14400.00
14400.00
14400.00
14400.00
14400.00
14400.00
14400.00
14400.00
14400.00
14400.00
14400.00
14400.00
14400.00
14400.00
14400.00
14400.00
14400.00
14400.00
14400.00
14400.00
14400.00
14400.00
14400.00
14400.00
14400.00
14400.00
14400.00
14400.00
14400.00
14400.00
14400.00
14400.00
14400.00
14400.00
14400.00
14400.00
14400.00
14400.00
14400.00
14400.00
14400.00
14400.00
14400.00
14400.00
14400.00
14400.00
14400.00
14400.00
14400.00
14400.00
14400.00
14400.00
14400.00
14400.00
14400.00
14400.00
14400.00
14400.00
14400.00
14400.00
14400.00
14400.00
14400.00
14400.00
14400.00
14400.00
14400.00
14400.00
14400.00
14400.00
14400.00
14400.00
14400.00
14400.00
14400.00
14400.00
14400.00
14400.00
14400.00
14400.00
14400.00
14400.00
14400.00
14400.00
14400.00
14400.00
14400.00
14400.00
14400.00
14400.00
14400.00
14400.00
14400.00
14400.00
14400.00
14400.00
14400.00
14400.00
14400.00
14400.00
14400.00
14400.00
14400.00
14400.00
14400.00
14400.00
14400.00
14400.00
14400.00
14400.00
14400.00
14400.00
14400.00
14400.00
14400.00
14400.00
14400.00
14400.00
14400.00
14400.00
14400.00
14400.00
14400.00
14400.00
14400.00
14400.00
14400.00
14400.00
14400.00
14400.00
14400.00
14400.00
14400.00
14400.00
14400.00
14400.00
14400.00
14400.00
14400.00
14400.00
14400.00
14400.00
14400.00
14400.00
14400.00
14400.00
14400.00
14400.00
14400.00
14400.00
14400.00
14400.00
14400.00
14400.00
14400.00
14400.00
14400.00
14400.00
14400.00
14400.00
14400.00
14400.00
14400.00
14400.00
14400.00
14400.00
14400.00
14400.00
14400.00
14400.00
14400.00
14400.00
14400.00
14400.00
14400.00
14400.00
14400.00
14400.00
14400.00
14400.00
14400.00
14400.00
14400.00
14400.00
14400.00
14400.00
14400.00
14400.00
14400.00
14400.00
14400.00
14400.00
14400.00
14400.00
14400.00
14400.00
14400.00
14400.00
14400.00
14400.00
14400.00
14400.00
14400.00
14400.00
14400.00
14400.00
14400.00
14400.00
14400.00
14400.00
14400.00
14400.00
14400.00
14400.00
14400.00
14400.00
14400.00
14400.00
14400.00
14400.00
14400.00
14400.00
14400.00
14400.00
14400.00
14400.00
14400.00
14400.00
14400.00
14400.00
14400.00
14400.00
14400.00
14400.00
14400.00
14400.00
14400.00
14400.00
14400.00
14400.00
14400.00
14400.00
14400.00
14400.00
14400.00
14400.00
14400.00
14400.00
14400.00
14400.00
14400.00
14400.00
14400.00
14400.00
14400.00
14400.00
14400.00
14400.00
14400.00
14400.00
14400.00
14400.00
14400.00
14400.00
14400.00
14400.00
14400.00
14400.00
14400.00
14400.00
14400.00
14400.00
14400.00
14400.00
14400.00
14400.00
14400.00
14400.00
14400.00
14400.00
14400.00
14400.00
14400.00
14400.00
14400.00
14400.00
14400.00
14400.00
14400.00
14400.00
14400.00
14400.00
14400.00
14400.00
14400.00
14400.00
14400.00
14400.00
14400.00
14400.00
14400.00
14400.00
14400.00
14400.00
14400.00
14400.00
14400.00
14400.00
14400.00
14400.00
14400.00
14400.00
14400.00
14400.00
14400.00
14400.00
14400.00
14400.00
14400.00
14400.00
14400.00
14400.00
14400.00
14400.00
14400.00
14400.00
14400.00
14400.00
14400.00
14400.00
14400.00
14400.00
14400.00
14400.00
14400.00
14400.00
14400.00
14400.00
14400.00
14400.00
14400.00
14400.00
14400.00
14400.00
14400.00
14400.00
14400.00
14400.00
14400.00
14400.00
14400.00
14400.00
14400.00
14400.00
14400.00
14400.00
14400.00
14400.00
14400.00
14400.00
14400.00
14400.00
14400.00
14400.00
14400.00
14400.00
14400.00
14400.00
14400.00
14400.00
14400.00
14400.00
14400.00
14400.00
14400.00
14400.00
14400.00
14400.00
14400.00
14400.00
14400.00
14400.00
14400.00
14400.00
14400.00
14400.00
14400.00
14400.00
14400.00
14400.00
14400.00
14400.00
14400.00
14400.00
14400.00
14400.00
14400.00
14400.00
14400.00
14400.00
14400.00
14400.00
14400.00
14400.00
14400.00
14400.00
14400.00
14400.00
14400.00
14400.00
14400.00
14400.00
14400.00
14400.00
14400.00
14400.00
14400.00
14400.00
14400.00
14400.00
14400.00
14400.00
14400.00
14400.00
14400.00
14400.00
14400.00
14400.00
14400.00
14400.00
14400.00
14400.00
14400.00
14400.00
14400.00
14400.00
14400.00
14400.00
14400.00
14400.00
14400.00
14400.00
14400.00
14400.00
14400.00
14400.00
14400.00
14400.00
14400.00
14400.00
14400.00
14400.00
14400.00
14400.00
14400.00
14400.00
14400.00
14400.00
14400.00
14400.00
14400.00
14400.00
14400.00
14400.00
14400.00
14400.00
14400.00
14400.00
14400.00
14400.00
14400.00
14400.00
14400.00
14400.00
14400.00
14400.00
14400.00
14400.00
14400.00
14400.00
14400.00
14400.00
14400.00
14400.00
14400.00
14400.00
14400.00
14400.00
14400.00
14400.00
14400.00
14400.00
14400.00
14400.00
14400.00
14400.00
14400.00
14400.00
14400.00
14400.00
14400.00
14400.00
14400.00
14400.00
14400.00
14400.00
14400.00
14400.00
14400.00
14400.00
14400.00
14400.00
14400.00
14400.00
14400.00
14400.00
14400.00
14400.00
14400.00
14400.00
14400.00
14400.00
14400.00
14400.00
14400.00
14400.00
14400.00
14400.00
14400.00
14400.00
14400.00
14400.00
14400.00
14400.00
14400.00
14400.00
14400.00
14400.00
14400.00
14400.00
14400.00
14400.00
14400.00
14400.00
14400.00
14400.00
14400.00
14400.00
14400.00
14400.00
14400.00
14400.00
14400.00
14400.00
14400.00
14400.00
14400.00
14400.00
14400.00
14400.00
14400.00
14400.00
14400.00
14400.00
14400.00
14400.00
14400.00
14400.00
14400.00
14400.00
14400.00
14400.00
14400.00
14400.00
14400.00
14400.00
14400.00
14400.00
14400.00
14400.00
14400.00
14400.00
14400.00
14400.00
14400.00
14400.00
14400.00
14400.00
14400.00
14400.00
14400.00
14400.00
14400.00
14400.00
14400.00
14400.00
14400.00
14400.00
14400.00
14400.00
14400.00
14400.00
14400.00
14400.00
14400.00
14400.00
14400.00
14400.00
14400.00
14400.00
14400.00
14400.00
14400.00
14400.00
14400.00
14400.00
14400.00
14400.00
14400.00
14400.00
14400.00
14400.00
14400.00
14400.00
14400.00
14400.00
14400.00
14400.00
14400.00
14400.00
14400.00
14400.00
14400.00
14400.00
14400.00
14400.00
14400.00
14400.00
14400.00
14400.00
14400.00
14400.00
14400.00
14400.00
14400.00
14400.00
14400.00
14400.00
14400.00
14400.00
14400.00
14400.00
14400.00
14400.00
14400.00
14400.00
14400.00
14400.00
14400.00
14400.00
14400.00
14400.00
14400.00
14400.00
14400.00
14400.00
14400.00
14400.00
14400.00
14400.00
14400.00
14400.00
14400.00
14400.00
14400.00
14400.00
14400.00
14400.00
14400.00
14400.00
14400.00
14400.00
14400.00
14400.00
14400.00
14400.00
14400.00
14400.00
14400.00
14400.00
14400.00
14400.00
14400.00
14400.00
14400.00
14400.00
14400.00
14400.00
14400.00
14400.00
14400.00
14400.00
14400.00
14400.00
14400.00
14400.00
14400.00
14400.00
14400.00
14400.00
14400.00
14400.00
14400.00
14400.00
14400.00
14400.00
14400.00
14400.00
14400.00
14400.00
14400.00
14400.00
14400.00
14400.00
14400.00
14400.00
14400.00
14400.00
14400.00
14400.00
14400.00
14400.00
14400.00
14400.00
14400.00
14400.00
14400.00
14400.00
14400.00
14400.00
14400.00
14400.00
14400.00
14400.00
14400.00
14400.00
14400.00
14400.00
14400.00
14400.00
14400.00
14400.00
14400.00
14400.00
14400.00
14400.00
14400.00
14400.00
14400.00
14400.00
14400.00
14400.00
14400.00
14400.00
14400.00
14400.00
14400.00
14400.00
14400.00
14400.00
14400.00
14400.00
14400.00
14400.00
14400.00
14400.00
14400.00
14400.00
14400.00
14400.00
14400.00
14400.00
14400.00
14400.00
14400.00
14400.00
14400.00
14400.00
14400.00
14400.00
14400.00
14400.00
14400.00
14400.00
14400.00
14400.00
14400.00
14400.00
14400.00
14400.00
14400.00
14400.00
14400.00
14400.00
14400.00
14400.00
14400.00
14400.00
14400.00
14400.00
14400.00
14400.00
14400.00
14400.00
14400.00
14400.00
14400.00
14400.00
14400.00
14400.00
14400.00
14400.00
14400.00
14400.00
14400.00
14400.00
14400.00
14400.00
14400.00
14400.00
14400.00
14400.00
14400.00
14400.00
14400.00
14400.00
14400.00
14400.00
14400.00
14400.00
14400.00
14400.00
14400.00
14400.00
14400.00
14400.00
14400.00
14400.00
14400.00
14400.00
14400.00
14400.00
14400.00
14400.00
14400.00
14400.00
14400.00
14400.00
14400.00
14400.00
14400.00
14400.00
14400.00
14400.00
14400.00
14400.00
14400.00
14400.00
14400.00
14400.00
14400.00
14400.00
14400.00
14400.00
14400.00
14400.00
14400.00
14400.00
14400.00
14400.00
14400.00
14400.00
14400.00
14400.00
14400.00
14400.00
14400.00
14400.00
14400.00
14400.00
14400.00
14400.00
14400.00
14400.00
14400.00
14400.00
14400.00
14400.00
14400.00
14400.00
14400.00
14400.00
14400.00
14400.00
14400.00
14400.00
14400.00
14400.00
14400.00
14400.00
14400.00
14400.00
14400.00
14400.00
14400.00
14400.00
14400.00
14400.00
14400.00
14400.00
14400.00
14400.00
14400.00
14400.00
14400.00
14400.00
14400.00
14400.00
14400.00
14400.00
14400.00
14400.00
14400.00
14400.00
14400.00
14400.00
14400.00
14400.00
14400.00
14400.00
14400.00
14400.00
14400.00
14400.00
14400.00
14400.00
14400.00
14400.00
14400.00
14400.00
14400.00
14400.00
14400.00
14400.00
14400.00
14400.00
14400.00
14400.00
14400.00
14400.00
14400.00
14400.00
14400.00
14400.00
14400.00
14400.00
14400.00
14400.00
14400.00
14400.00
14400.00
14400.00
14400.00
14400.00
14400.00
14400.00
14400.00
14400.00
14400.00
14400.00
14400.00
14400.00
14400.00
14400.00
14400.00
14400.00
14400.00
14400.00
14400.00
14371.00
14342.10
14313.10
14284.20
14255.20
14226.20
14197.30
14168.30
14139.30
14110.40
14081.40
14052.50
14023.50
13994.50
13965.60
13936.60
13907.70
13878.70
13849.70
13820.80
13791.80
13762.80
13733.90
13704.90
13676.00
13647.00
13618.00
13589.10
13560.10
13531.20
13502.20
13473.20
13444.30
13415.30
13386.30
13357.40
13328.40
13299.50
13270.50
13241.50
13212.60
13183.60
13154.70
13125.70
13096.70
13067.80
13038.80
13009.80
12980.90
12951.90
12923.00
12894.00
12865.00
12836.10
12807.10
12778.20
12749.20
12720.20
12691.30
12662.30
12633.40
12604.40
12575.40
12546.50
12517.50
12488.50
12459.60
12430.60
12401.70
12372.70
12343.70
12314.80
12285.80
12256.90
12227.90
12198.90
12170.00
12141.00
12112.00
12083.10
12054.10
12025.20
11996.20
11967.20
11938.30
11909.30
11880.40
11851.40
11822.40
11793.50
11764.50
11735.50
11706.60
11677.60
11648.70
11619.70
11590.70
11561.80
11532.80
11503.90
11503.90
11503.90
11503.90
11503.90
11503.90
11503.90
11503.90
11503.90
11503.90
11503.90
11503.90
11503.90
11503.90
11503.90
11503.90
11503.90
11503.90
11503.90
11503.90
11503.90
11503.90
11503.90
11503.90
11503.90
11503.90
11503.90
11503.90
11503.90
11503.90
11503.90
11503.90
11503.90
11503.90
11503.90
11503.90
11503.90
11503.90
11503.90
11503.90
11503.90
11503.90
11503.90
11503.90
11503.90
11503.90
11503.90
11503.90
11503.90
11503.90
11503.90
11503.90
11503.90
11503.90
11503.90
11503.90
11503.90
11503.90
11503.90
11503.90
11503.90
11503.90
11503.90
11503.90
11503.90
11503.90
11503.90
11503.90
11503.90
11503.90
11503.90
11503.90
11503.90
11503.90
11503.90
11503.90
11503.90
11503.90
11503.90
11503.90
11503.90
11503.90
11503.90
11503.90
11503.90
11503.90
11503.90
11503.90
11503.90
11503.90
11503.90
11503.90
11503.90
11503.90
11503.90
11503.90
11503.90
11503.90
11503.90
11503.90
11503.90
11503.90
11503.90
11503.90
11503.90
11503.90
11503.90
11503.90
11503.90
11503.90
11503.90
11503.90
11503.90
11503.90
11503.90
11503.90
11503.90
11503.90
11503.90
11503.90
11503.90
11503.90
11503.90
11503.90
11503.90
11503.90
11503.90
11503.90
11503.90
11503.90
11503.90
11503.90
11503.90
11503.90
11503.90
11503.90
11503.90
11503.90
11503.90
11503.90
11503.90
11503.90
11503.90
11503.90
11503.90
11503.90
11503.90
11503.90
11503.90
11503.90
11503.90
11503.90
11503.90
11503.90
11503.90
11503.90
11503.90
11503.90
11503.90
11503.90
11503.90
11503.90
11503.90
11503.90
11503.90
11503.90
11503.90
11503.90
11503.90
11503.90
11503.90
11503.90
11503.90
11503.90
11503.90
11503.90
11503.90
11503.90
11503.90
11503.90
11503.90
11503.90
11503.90
11503.90
11503.90
11503.90
11503.90
11503.90
11503.90
11503.90
11503.90
11503.90
11503.90
11503.90
11503.90
11503.90
11503.90
11503.90
11503.90
11503.90
11503.90
11503.90
11503.90
11503.90
11503.90
11503.90
11503.90
11503.90
11503.90
11503.90
11503.90
11503.90
11503.90
11503.90
11503.90
11503.90
11503.90
11474.90
11445.90
11417.00
11388.00
11359.00
11330.10
11301.10
11272.20
11243.20
11214.20
11185.30
11156.30
11127.40
11098.40
11069.40
11040.50
11011.50
10982.50
10953.60
10924.60
10895.70
10866.70
10837.70
10808.80
10779.80
10750.90
10721.90
10692.90
10664.00
10635.00
10606.00
10577.10
10548.10
10519.20
10490.20
10461.20
10432.30
10403.30
10374.40
10345.40
10316.40
10287.50
10258.50
10229.50
10200.60
10171.60
10142.70
10113.70
10084.70
10055.80
10026.80
9997.86
9968.89
9939.93
9910.97
9882.01
9853.05
9824.09
9795.13
9766.16
9737.20
9708.24
9679.28
9650.32
9621.36
9592.40
9563.43
9534.47
9505.51
9476.55
9447.59
9418.63
9389.67
9360.70
9331.74
9302.78
9273.82
9244.86
9215.90
9186.94
9157.97
9129.01
9100.05
9071.09
9042.13
9013.17
9013.17
9013.17
9013.17
9013.17
9013.17
9013.17
